     1	-81.0231
     2	-81.0533
     3	-81.1996
     4	-81.4548
     5	-81.8084
     6	-82.2464
     7	-82.7516
     8	-83.3024
     9	-83.8739
    10	-84.4421
    11	-84.9859
    12	-85.49
    13	-85.9445
    14	-86.3435
    15	-86.6831
    16	-86.9589
    17	-87.1648
    18	-87.2936
    19	-87.3389
    20	-87.2952
    21	-87.1586
    22	-86.9282
    23	-86.6049
    24	-86.1924
    25	-85.699
    26	-85.137
    27	-84.5244
    28	-83.8819
    29	-83.2324
    30	-82.6007
    31	-82.0137
    32	-81.5005
    33	-81.0919
    34	-80.8186
    35	-80.7111
    36	-80.794
    37	-81.081
    38	-81.5709
    39	-82.2483
    40	-83.0857
    41	-84.0506
    42	-85.1114
    43	-86.2448
    44	-87.4376
    45	-88.6833
    46	-89.9785
    47	-91.3188
    48	-92.6922
    49	-94.0767
    50	-95.4413
    51	-96.7468
    52	-97.9513
    53	-99.0126
    54	-99.895
    55	-100.576
    56	-101.049
    57	-101.33
    58	-101.448
    59	-101.44
    60	-101.344
    61	-101.186
    62	-100.983
    63	-100.739
    64	-100.452
    65	-100.115
    66	-99.7237
    67	-99.282
    68	-98.7998
    69	-98.2959
    70	-97.798
    71	-97.3404
    72	-96.9588
    73	-96.6844
    74	-96.537
    75	-96.5205
    76	-96.6243
    77	-96.8291
    78	-97.1143
    79	-97.4639
    80	-97.8697
    81	-98.3292
    82	-98.8406
    83	-99.3989
    84	-99.9917
    85	-100.596
    86	-101.177
    87	-101.691
    88	-102.091
    89	-102.334
    90	-102.386
    91	-102.227
    92	-101.859
    93	-101.303
    94	-100.596
    95	-99.785
    96	-98.9212
    97	-98.0504
    98	-97.2079
    99	-96.4142
   100	-95.677
   101	-94.9934
   102	-94.3545
   103	-93.7511
   104	-93.1789
   105	-92.6422
   106	-92.1548
   107	-91.7382
   108	-91.4157
   109	-91.2051
   110	-91.1106
   111	-91.1213
   112	-91.2142
   113	-91.3613
   114	-91.5378
   115	-91.7267
   116	-91.9198
   117	-92.1157
   118	-92.3161
   119	-92.5225
   120	-92.7326
   121	-92.9405
   122	-93.1347
   123	-93.2975
   124	-93.4045
   125	-93.4254
   126	-93.3268
   127	-93.0762
   128	-92.6486
   129	-92.0313
   130	-91.2283
   131	-90.2609
   132	-89.1644
   133	-87.9855
   134	-86.777
   135	-85.5893
   136	-84.4671
   137	-83.4454
   138	-82.5484
   139	-81.7904
   140	-81.1803
   141	-80.7273
   142	-80.4446
   143	-80.351
   144	-80.4682
   145	-80.8158
   146	-81.4034
   147	-82.2249
   148	-83.2577
   149	-84.4652
   150	-85.8006
   151	-87.2146
   152	-88.6608
   153	-90.0957
   154	-91.4772
   155	-92.766
   156	-93.9252
   157	-94.92
   158	-95.7232
   159	-96.317
   160	-96.6922
   161	-96.8493
   162	-96.798
   163	-96.5552
   164	-96.1459
   165	-95.6005
   166	-94.9524
   167	-94.2353
   168	-93.4763
   169	-92.6939
   170	-91.9001
   171	-91.105
   172	-90.324
   173	-89.5836
   174	-88.9221
   175	-88.3851
   176	-88.0135
   177	-87.8317
   178	-87.8415
   179	-88.0242
   180	-88.3505
   181	-88.7918
   182	-89.3283
   183	-89.9523
   184	-90.666
   185	-91.4766
   186	-92.3892
   187	-93.4008
   188	-94.4998
   189	-95.6658
   190	-96.8709
   191	-98.0844
   192	-99.28
   193	-100.428
   194	-101.497
   195	-102.46
   196	-103.29
   197	-103.968
   198	-104.482
   199	-104.834
   200	-105.036
   201	-105.107
   202	-105.07
   203	-104.947
   204	-104.762
   205	-104.536
   206	-104.299
   207	-104.08
   208	-103.914
   209	-103.832
   210	-103.854
   211	-103.991
   212	-104.241
   213	-104.596
   214	-105.049
   215	-105.593
   216	-106.219
   217	-106.912
   218	-107.645
   219	-108.383
   220	-109.083
   221	-109.71
   222	-110.237
   223	-110.649
   224	-110.941
   225	-111.113
   226	-111.166
   227	-111.104
   228	-110.93
   229	-110.656
   230	-110.298
   231	-109.876
   232	-109.409
   233	-108.913
   234	-108.398
   235	-107.868
   236	-107.325
   237	-106.776
   238	-106.229
   239	-105.695
   240	-105.178
   241	-104.678
   242	-104.187
   243	-103.692
   244	-103.18
   245	-102.646
   246	-102.094
   247	-101.54
   248	-101.011
   249	-100.541
   250	-100.167
   251	-99.9237
   252	-99.838
   253	-99.9269
   254	-100.194
   255	-100.628
   256	-101.206
   257	-101.891
   258	-102.642
   259	-103.415
   260	-104.172
   261	-104.881
   262	-105.516
   263	-106.056
   264	-106.479
   265	-106.764
   266	-106.886
   267	-106.826
   268	-106.57
   269	-106.124
   270	-105.515
   271	-104.796
   272	-104.037
   273	-103.318
   274	-102.709
   275	-102.259
   276	-101.987
   277	-101.884
   278	-101.918
   279	-102.043
   280	-102.215
   281	-102.402
   282	-102.589
   283	-102.779
   284	-102.99
   285	-103.241
   286	-103.547
   287	-103.905
   288	-104.295
   289	-104.686
   290	-105.046
   291	-105.359
   292	-105.636
   293	-105.916
   294	-106.264
   295	-106.753
   296	-107.441
   297	-108.347
   298	-109.443
   299	-110.654
   300	-111.884
   301	-113.043
   302	-114.06
   303	-114.891
   304	-115.516
   305	-115.938
   306	-116.171
   307	-116.235
   308	-116.151
   309	-115.933
   310	-115.587
   311	-115.11
   312	-114.494
   313	-113.737
   314	-112.854
   315	-111.884
   316	-110.89
   317	-109.953
   318	-109.154
   319	-108.553
   320	-108.173
   321	-107.996
   322	-107.968
   323	-108.019
   324	-108.08
   325	-108.099
   326	-108.046
   327	-107.918
   328	-107.733
   329	-107.524
   330	-107.328
   331	-107.179
   332	-107.097
   333	-107.086
   334	-107.128
   335	-107.195
   336	-107.251
   337	-107.271
   338	-107.24
   339	-107.162
   340	-107.054
   341	-106.935
   342	-106.821
   343	-106.71
   344	-106.585
   345	-106.408
   346	-106.14
   347	-105.743
   348	-105.199
   349	-104.512
   350	-103.718
   351	-102.877
   352	-102.069
   353	-101.381
   354	-100.891
   355	-100.642
   356	-100.642
   357	-100.854
   358	-101.21
   359	-101.638
   360	-102.075
   361	-102.487
   362	-102.872
   363	-103.261
   364	-103.698
   365	-104.226
   366	-104.867
   367	-105.617
   368	-106.44
   369	-107.283
   370	-108.096
   371	-108.844
   372	-109.509
   373	-110.097
   374	-110.621
   375	-111.098
   376	-111.542
   377	-111.956
   378	-112.328
   379	-112.63
   380	-112.825
   381	-112.87
   382	-112.728
   383	-112.375
   384	-111.813
   385	-111.069
   386	-110.193
   387	-109.247
   388	-108.289
   389	-107.364
   390	-106.492
   391	-105.678
   392	-104.925
   393	-104.238
   394	-103.64
   395	-103.17
   396	-102.875
   397	-102.802
   398	-102.978
   399	-103.408
   400	-104.069
   401	-104.914
   402	-105.876
   403	-106.879
   404	-107.849
   405	-108.726
   406	-109.467
   407	-110.051
   408	-110.479
   409	-110.764
   410	-110.924
   411	-110.972
   412	-110.91
   413	-110.73
   414	-110.421
   415	-109.978
   416	-109.408
   417	-108.738
   418	-108.011
   419	-107.282
   420	-106.606
   421	-106.029
   422	-105.58
   423	-105.264
   424	-105.067
   425	-104.959
   426	-104.905
   427	-104.87
   428	-104.831
   429	-104.783
   430	-104.74
   431	-104.732
   432	-104.799
   433	-104.972
   434	-105.266
   435	-105.667
   436	-106.136
   437	-106.622
   438	-107.076
   439	-107.464
   440	-107.78
   441	-108.044
   442	-108.29
   443	-108.56
   444	-108.883
   445	-109.269
   446	-109.697
   447	-110.125
   448	-110.492
   449	-110.736
   450	-110.807
   451	-110.679
   452	-110.36
   453	-109.886
   454	-109.32
   455	-108.734
   456	-108.187
   457	-107.713
   458	-107.312
   459	-106.959
   460	-106.62
   461	-106.269
   462	-105.899
   463	-105.527
   464	-105.186
   465	-104.92
   466	-104.77
   467	-104.763
   468	-104.901
   469	-105.16
   470	-105.493
   471	-105.841
   472	-106.145
   473	-106.36
   474	-106.459
   475	-106.443
   476	-106.329
   477	-106.15
   478	-105.94
   479	-105.721
   480	-105.498
   481	-105.254
   482	-104.961
   483	-104.587
   484	-104.107
   485	-103.51
   486	-102.798
   487	-101.996
   488	-101.133
   489	-100.246
   490	-99.3655
   491	-98.5135
   492	-97.6951
   493	-96.9001
   494	-96.1071
   495	-95.2905
   496	-94.4297
   497	-93.5141
   498	-92.5499
   499	-91.5573
   500	-90.5644
   501	-89.6004
   502	-88.6882
   503	-87.8386
   504	-87.0496
   505	-86.3119
   506	-85.6167
   507	-84.9669
   508	-84.3829
   509	-83.9054
   510	-83.5905
   511	-83.4972
   512	-83.6703
   513	-84.124
   514	-84.833
   515	-85.7354
   516	-86.7471
   517	-87.783
   518	-88.7736
   519	-89.6774
   520	-90.4832
   521	-91.2047
   522	-91.87
   523	-92.5069
   524	-93.1298
   525	-93.7327
   526	-94.2891
   527	-94.7594
   528	-95.1014
   529	-95.2833
   530	-95.293
   531	-95.1443
   532	-94.8777
   533	-94.5533
   534	-94.2372
   535	-93.9824
   536	-93.8124
   537	-93.7134
   538	-93.6422
   539	-93.5432
   540	-93.3692
   541	-93.0998
   542	-92.7501
   543	-92.37
   544	-92.0316
   545	-91.8116
   546	-91.7697
   547	-91.9329
   548	-92.2919
   549	-92.8092
   550	-93.4333
   551	-94.1131
   552	-94.8079
   553	-95.4896
   554	-96.1433
   555	-96.766
   556	-97.363
   557	-97.9412
   558	-98.5056
   559	-99.0538
   560	-99.5727
   561	-100.04
   562	-100.432
   563	-100.726
   564	-100.909
   565	-100.98
   566	-100.956
   567	-100.864
   568	-100.736
   569	-100.598
   570	-100.464
   571	-100.329
   572	-100.176
   573	-99.9772
   574	-99.7054
   575	-99.3391
   576	-98.866
   577	-98.2808
   578	-97.5853
   579	-96.7847
   580	-95.8838
   581	-94.8864
   582	-93.7948
   583	-92.6107
   584	-91.3376
   585	-89.9815
   586	-88.5549
   587	-87.0782
   588	-85.5819
   589	-84.1037
   590	-82.6841
   591	-81.3608
   592	-80.1627
   593	-79.1058
   594	-78.192
   595	-77.4091
   596	-76.734
   597	-76.1347
   598	-75.5754
   599	-75.0193
   600	-74.4302
   601	-73.7776
   602	-73.0408
   603	-72.2104
   604	-71.289
   605	-70.2937
   606	-69.2537
   607	-68.2097
   608	-67.2095
   609	-66.3037
   610	-65.5448
   611	-64.9801
   612	-64.6462
   613	-64.5638
   614	-64.7338
   615	-65.1363
   616	-65.7327
   617	-66.4703
   618	-67.2921
   619	-68.1443
   620	-68.975
   621	-69.7374
   622	-70.3869
   623	-70.8795
   624	-71.1707
   625	-71.216
   626	-70.975
   627	-70.419
   628	-69.5361
   629	-68.338
   630	-66.8663
   631	-65.1903
   632	-63.4012
   633	-61.6011
   634	-59.8883
   635	-58.338
   636	-56.9914
   637	-55.8499
   638	-54.8907
   639	-54.0819
   640	-53.3959
   641	-52.8237
   642	-52.3815
   643	-52.1045
   644	-52.0349
   645	-52.2045
   646	-52.6186
   647	-53.2463
   648	-54.027
   649	-54.8864
   650	-55.7531
   651	-56.5783
   652	-57.3457
   653	-58.0676
   654	-58.7749
   655	-59.5049
   656	-60.284
   657	-61.1159
   658	-61.9781
   659	-62.8265
   660	-63.6054
   661	-64.2593
   662	-64.7449
   663	-65.0376
   664	-65.1362
   665	-65.0632
   666	-64.8597
   667	-64.5765
   668	-64.2637
   669	-63.9604
   670	-63.6914
   671	-63.4688
   672	-63.2985
   673	-63.1876
   674	-63.1479
   675	-63.1984
   676	-63.3602
   677	-63.6507
   678	-64.0799
   679	-64.6495
   680	-65.3512
   681	-66.1676
   682	-67.0735
   683	-68.036
   684	-69.0165
   685	-69.9768
   686	-70.885
   687	-71.7224
   688	-72.4855
   689	-73.1847
   690	-73.8375
   691	-74.4588
   692	-75.0519
   693	-75.6047
   694	-76.0909
   695	-76.4775
   696	-76.7342
   697	-76.8416
   698	-76.7952
   699	-76.6053
   700	-76.2932
   701	-75.8847
   702	-75.404
   703	-74.8704
   704	-74.2944
   705	-73.676
   706	-73.0091
   707	-72.2847
   708	-71.5016
   709	-70.6721
   710	-69.8248
   711	-69.0039
   712	-68.2615
   713	-67.6476
   714	-67.1986
   715	-66.9266
   716	-66.8185
   717	-66.8397
   718	-66.9446
   719	-67.0887
   720	-67.2376
   721	-67.373
   722	-67.4912
   723	-67.5986
   724	-67.7038
   725	-67.8086
   726	-67.9025
   727	-67.9596
   728	-67.9426
   729	-67.8111
   730	-67.5309
   731	-67.0841
   732	-66.4726
   733	-65.7218
   734	-64.8753
   735	-63.9858
   736	-63.1042
   737	-62.2683
   738	-61.4994
   739	-60.8024
   740	-60.1685
   741	-59.5872
   742	-59.0569
   743	-58.5955
   744	-58.2423
   745	-58.0493
   746	-58.0704
   747	-58.3448
   748	-58.8855
   749	-59.6734
   750	-60.6602
   751	-61.7807
   752	-62.9644
   753	-64.1517
   754	-65.2983
   755	-66.3729
   756	-67.3566
   757	-68.2397
   758	-69.0197
   759	-69.6993
   760	-70.2836
   761	-70.778
   762	-71.1878
   763	-71.5162
   764	-71.7663
   765	-71.9417
   766	-72.0487
   767	-72.0965
   768	-72.0974
   769	-72.0657
   770	-72.0175
   771	-71.9696
   772	-71.9384
   773	-71.9379
   774	-71.9755
   775	-72.0494
   776	-72.1471
   777	-72.2481
   778	-72.3288
   779	-72.3694
   780	-72.3592
   781	-72.2996
   782	-72.2038
   783	-72.0954
   784	-72.0047
   785	-71.9628
   786	-71.9957
   787	-72.1178
   788	-72.3274
   789	-72.6052
   790	-72.9183
   791	-73.2278
   792	-73.5001
   793	-73.7161
   794	-73.8765
   795	-74.0005
   796	-74.1175
   797	-74.255
   798	-74.428
   799	-74.6321
   800	-74.8475
   801	-75.0465
   802	-75.203
   803	-75.3019
   804	-75.3439
   805	-75.3465
   806	-75.3419
   807	-75.3708
   808	-75.4743
   809	-75.6827
   810	-76.0053
   811	-76.426
   812	-76.9029
   813	-77.3768
   814	-77.7832
   815	-78.0651
   816	-78.1835
   817	-78.1229
   818	-77.8899
   819	-77.5071
   820	-77.0027
   821	-76.4005
   822	-75.7145
   823	-74.9454
   824	-74.0853
   825	-73.1284
   826	-72.0784
   827	-70.9557
   828	-69.7966
   829	-68.6522
   830	-67.5842
   831	-66.6557
   832	-65.9206
   833	-65.4118
   834	-65.1296
   835	-65.0373
   836	-65.068
   837	-65.1408
   838	-65.1822
   839	-65.1454
   840	-65.0208
   841	-64.8354
   842	-64.6399
   843	-64.492
   844	-64.437
   845	-64.4949
   846	-64.6583
   847	-64.8994
   848	-65.183
   849	-65.4775
   850	-65.7626
   851	-66.0333
   852	-66.2996
   853	-66.5821
   854	-66.9042
   855	-67.2796
   856	-67.7021
   857	-68.1399
   858	-68.54
   859	-68.8425
   860	-68.9977
   861	-68.984
   862	-68.8167
   863	-68.5495
   864	-68.2637
   865	-68.0498
   866	-67.9845
   867	-68.1145
   868	-68.4496
   869	-68.9667
   870	-69.6238
   871	-70.3745
   872	-71.1783
   873	-72.0058
   874	-72.8387
   875	-73.6673
   876	-74.4849
   877	-75.2797
   878	-76.0335
   879	-76.7179
   880	-77.2929
   881	-77.7127
   882	-77.9351
   883	-77.9277
   884	-77.6766
   885	-77.1943
   886	-76.5236
   887	-75.733
   888	-74.9037
   889	-74.1109
   890	-73.4125
   891	-72.8385
   892	-72.3916
   893	-72.0565
   894	-71.8098
   895	-71.6282
   896	-71.4935
   897	-71.3947
   898	-71.3257
   899	-71.2833
   900	-71.2638
   901	-71.262
   902	-71.2704
   903	-71.2783
   904	-71.2708
   905	-71.2302
   906	-71.1411
   907	-70.9965
   908	-70.8051
   909	-70.593
   910	-70.4002
   911	-70.2705
   912	-70.238
   913	-70.3146
   914	-70.4821
   915	-70.6918
   916	-70.8749
   917	-70.9558
   918	-70.8676
   919	-70.5641
   920	-70.0266
   921	-69.265
   922	-68.3171
   923	-67.2408
   924	-66.104
   925	-64.9702
   926	-63.8841
   927	-62.8635
   928	-61.9006
   929	-60.9739
   930	-60.0675
   931	-59.1828
   932	-58.3448
   933	-57.598
   934	-56.9939
   935	-56.5704
   936	-56.3366
   937	-56.2635
   938	-56.2869
   939	-56.3213
   940	-56.2806
   941	-56.1009
   942	-55.7573
   943	-55.2732
   944	-54.7182
   945	-54.1938
   946	-53.8101
   947	-53.657
   948	-53.7826
   949	-54.1858
   950	-54.8254
   951	-55.6377
   952	-56.5567
   953	-57.5283
   954	-58.519
   955	-59.5138
   956	-60.5115
   957	-61.5137
   958	-62.5141
   959	-63.4887
   960	-64.3916
   961	-65.1592
   962	-65.7204
   963	-66.0128
   964	-65.9972
   965	-65.6678
   966	-65.0587
   967	-64.2425
   968	-63.3217
   969	-62.4137
   970	-61.6349
   971	-61.0797
   972	-60.8053
   973	-60.8237
   974	-61.1045
   975	-61.5882
   976	-62.2048
   977	-62.8936
   978	-63.6169
   979	-64.3632
   980	-65.1421
   981	-65.9686
   982	-66.8447
   983	-67.7447
   984	-68.6098
   985	-69.3561
   986	-69.8935
   987	-70.1486
   988	-70.0825
   989	-69.7014
   990	-69.0567
   991	-68.2376
   992	-67.3546
   993	-66.5162
   994	-65.802
   995	-65.2438
   996	-64.8229
   997	-64.4835
   998	-64.1582
   999	-63.7939
  1000	-63.3714
  1001	-62.9178
  1002	-62.5075
  1003	-62.2476
  1004	-62.2492
  1005	-62.5872
  1006	-63.269
  1007	-64.2257
  1008	-65.3337
  1009	-66.4555
  1010	-67.48
  1011	-68.3498
  1012	-69.0689
  1013	-69.6884
  1014	-70.2808
  1015	-70.9099
  1016	-71.6041
  1017	-72.3427
  1018	-73.0643
  1019	-73.6856
  1020	-74.123
  1021	-74.313
  1022	-74.2249
  1023	-73.8683
  1024	-73.2929
  1025	-72.5824
  1026	-71.8367
  1027	-71.147
  1028	-70.5712
  1029	-70.121
  1030	-69.766
  1031	-69.4512
  1032	-69.1216
  1033	-68.7451
  1034	-68.3269
  1035	-67.9084
  1036	-67.5571
  1037	-67.345
  1038	-67.3269
  1039	-67.5254
  1040	-67.926
  1041	-68.4848
  1042	-69.1402
  1043	-69.8306
  1044	-70.5077
  1045	-71.1468
  1046	-71.7531
  1047	-72.3603
  1048	-73.0219
  1049	-73.7961
  1050	-74.7264
  1051	-75.8258
  1052	-77.068
  1053	-78.3879
  1054	-79.6965
  1055	-80.902
  1056	-81.9312
  1057	-82.7443
  1058	-83.342
  1059	-83.7595
  1060	-84.0517
  1061	-84.2777
  1062	-84.485
  1063	-84.6962
  1064	-84.9016
  1065	-85.0621
  1066	-85.1189
  1067	-85.0106
  1068	-84.6935
  1069	-84.1548
  1070	-83.4228
  1071	-82.5642
  1072	-81.6742
  1073	-80.8507
  1074	-80.1685
  1075	-79.6578
  1076	-79.2985
  1077	-79.0342
  1078	-78.7978
  1079	-78.54
  1080	-78.2498
  1081	-77.9612
  1082	-77.7465
  1083	-77.7001
  1084	-77.9111
  1085	-78.4336
  1086	-79.2636
  1087	-80.3339
  1088	-81.5311
  1089	-82.7276
  1090	-83.8136
  1091	-84.7192
  1092	-85.4196
  1093	-85.9265
  1094	-86.2719
  1095	-86.4925
  1096	-86.6131
  1097	-86.6376
  1098	-86.5506
  1099	-86.3241
  1100	-85.9313
  1101	-85.3589
  1102	-84.6176
  1103	-83.7504
  1104	-82.8335
  1105	-81.9644
  1106	-81.2419
  1107	-80.7396
  1108	-80.4849
  1109	-80.4523
  1110	-80.5731
  1111	-80.7618
  1112	-80.9432
  1113	-81.0729
  1114	-81.142
  1115	-81.166
  1116	-81.1675
  1117	-81.1571
  1118	-81.1246
  1119	-81.0415
  1120	-80.8718
  1121	-80.5847
  1122	-80.1643
  1123	-79.6147
  1124	-78.9608
  1125	-78.2452
  1126	-77.5228
  1127	-76.8524
  1128	-76.2879
  1129	-75.8682
  1130	-75.6083
  1131	-75.4968
  1132	-75.4978
  1133	-75.5583
  1134	-75.6204
  1135	-75.6348
  1136	-75.5708
  1137	-75.4216
  1138	-75.2022
  1139	-74.9423
  1140	-74.6771
  1141	-74.4386
  1142	-74.2495
  1143	-74.1209
  1144	-74.0526
  1145	-74.0378
  1146	-74.0693
  1147	-74.1462
  1148	-74.2798
  1149	-74.4961
  1150	-74.8338
  1151	-75.3365
  1152	-76.0379
  1153	-76.9471
  1154	-78.0358
  1155	-79.2368
  1156	-80.4583
  1157	-81.6064
  1158	-82.6107
  1159	-83.4414
  1160	-84.1115
  1161	-84.6723
  1162	-85.1965
  1163	-85.7576
  1164	-86.4077
  1165	-87.1596
  1166	-87.985
  1167	-88.8249
  1168	-89.6152
  1169	-90.3062
  1170	-90.8703
  1171	-91.3049
  1172	-91.6266
  1173	-91.8605
  1174	-92.0301
  1175	-92.1483
  1176	-92.2131
  1177	-92.2082
  1178	-92.1094
  1179	-91.8926
  1180	-91.5446
  1181	-91.0724
  1182	-90.5099
  1183	-89.9201
  1184	-89.3868
  1185	-88.9952
  1186	-88.8096
  1187	-88.8564
  1188	-89.1184
  1189	-89.545
  1190	-90.0715
  1191	-90.638
  1192	-91.204
  1193	-91.7496
  1194	-92.2687
  1195	-92.7573
  1196	-93.2039
  1197	-93.5854
  1198	-93.8699
  1199	-94.0251
  1200	-94.0275
  1201	-93.8696
  1202	-93.5625
  1203	-93.136
  1204	-92.6345
  1205	-92.1111
  1206	-91.6189
  1207	-91.2023
  1208	-90.8887
  1209	-90.6846
  1210	-90.5776
  1211	-90.5387
  1212	-90.5309
  1213	-90.5167
  1214	-90.4659
  1215	-90.3582
  1216	-90.1839
  1217	-89.9399
  1218	-89.6251
  1219	-89.2396
  1220	-88.7826
  1221	-88.2546
  1222	-87.6583
  1223	-86.9999
  1224	-86.2893
  1225	-85.5452
  1226	-84.7968
  1227	-84.086
  1228	-83.4632
  1229	-82.98
  1230	-82.6819
  1231	-82.5957
  1232	-82.7217
  1233	-83.0307
  1234	-83.4691
  1235	-83.9696
  1236	-84.4648
  1237	-84.9016
  1238	-85.2458
  1239	-85.4863
  1240	-85.6348
  1241	-85.7198
  1242	-85.7773
  1243	-85.8392
  1244	-85.9213
  1245	-86.0173
  1246	-86.101
  1247	-86.1387
  1248	-86.1059
  1249	-86.0015
  1250	-85.8541
  1251	-85.7177
  1252	-85.6549
  1253	-85.7166
  1254	-85.9206
  1255	-86.242
  1256	-86.6182
  1257	-86.9663
  1258	-87.2068
  1259	-87.2854
  1260	-87.1858
  1261	-86.936
  1262	-86.6039
  1263	-86.2837
  1264	-86.0749
  1265	-86.0564
  1266	-86.2675
  1267	-86.7023
  1268	-87.3178
  1269	-88.0551
  1270	-88.8629
  1271	-89.7102
  1272	-90.59
  1273	-91.5113
  1274	-92.4861
  1275	-93.5213
  1276	-94.6077
  1277	-95.718
  1278	-96.8094
  1279	-97.8326
  1280	-98.7417
  1281	-99.5034
  1282	-100.104
  1283	-100.554
  1284	-100.888
  1285	-101.156
  1286	-101.414
  1287	-101.707
  1288	-102.061
  1289	-102.473
  1290	-102.915
  1291	-103.346
  1292	-103.719
  1293	-104.001
  1294	-104.169
  1295	-104.22
  1296	-104.163
  1297	-104.021
  1298	-103.82
  1299	-103.586
  1300	-103.341
  1301	-103.098
  1302	-102.859
  1303	-102.614
  1304	-102.353
  1305	-102.068
  1306	-101.761
  1307	-101.45
  1308	-101.166
  1309	-100.939
  1310	-100.791
  1311	-100.721
  1312	-100.706
  1313	-100.701
  1314	-100.654
  1315	-100.516
  1316	-100.252
  1317	-99.8455
  1318	-99.3014
  1319	-98.6388
  1320	-97.8897
  1321	-97.0924
  1322	-96.2828
  1323	-95.4892
  1324	-94.7247
  1325	-93.9814
  1326	-93.2359
  1327	-92.46
  1328	-91.6343
  1329	-90.7595
  1330	-89.8623
  1331	-88.9913
  1332	-88.2015
  1333	-87.5374
  1334	-87.014
  1335	-86.6077
  1336	-86.2604
  1337	-85.8964
  1338	-85.445
  1339	-84.8602
  1340	-84.1329
  1341	-83.2942
  1342	-82.4085
  1343	-81.5538
  1344	-80.7992
  1345	-80.184
  1346	-79.7072
  1347	-79.33
  1348	-78.9951
  1349	-78.6487
  1350	-78.2568
  1351	-77.8155
  1352	-77.3519
  1353	-76.9151
  1354	-76.5596
  1355	-76.3273
  1356	-76.2326
  1357	-76.2581
  1358	-76.3598
  1359	-76.4821
  1360	-76.5766
  1361	-76.6192
  1362	-76.6191
  1363	-76.6195
  1364	-76.6857
  1365	-76.8848
  1366	-77.2636
  1367	-77.8309
  1368	-78.5571
  1369	-79.3854
  1370	-80.2471
  1371	-81.0816
  1372	-81.8468
  1373	-82.5257
  1374	-83.1242
  1375	-83.6626
  1376	-84.1687
  1377	-84.6702
  1378	-85.1856
  1379	-85.7179
  1380	-86.2537
  1381	-86.765
  1382	-87.216
  1383	-87.5725
  1384	-87.8123
  1385	-87.9333
  1386	-87.9539
  1387	-87.9076
  1388	-87.832
  1389	-87.7557
  1390	-87.6876
  1391	-87.6103
  1392	-87.4819
  1393	-87.2437
  1394	-86.8354
  1395	-86.2103
  1396	-85.3493
  1397	-84.2692
  1398	-83.0256
  1399	-81.7088
  1400	-80.4299
  1401	-79.3011
  1402	-78.4148
  1403	-77.8233
  1404	-77.5325
  1405	-77.511
  1406	-77.7085
  1407	-78.0778
  1408	-78.5938
  1409	-79.2593
  1410	-80.0974
  1411	-81.1329
  1412	-82.3664
  1413	-83.76
  1414	-85.2335
  1415	-86.676
  1416	-87.9727
  1417	-89.0304
  1418	-89.7927
  1419	-90.2457
  1420	-90.4202
  1421	-90.3822
  1422	-90.2198
  1423	-90.0239
  1424	-89.8656
  1425	-89.7783
  1426	-89.7513
  1427	-89.7361
  1428	-89.6649
  1429	-89.4721
  1430	-89.1127
  1431	-88.5731
  1432	-87.8742
  1433	-87.0615
  1434	-86.1914
  1435	-85.3143
  1436	-84.4606
  1437	-83.6366
  1438	-82.8313
  1439	-82.0297
  1440	-81.2286
  1441	-80.4464
  1442	-79.727
  1443	-79.1368
  1444	-78.7568
  1445	-78.6621
  1446	-78.9064
  1447	-79.5064
  1448	-80.434
  1449	-81.6165
  1450	-82.9464
  1451	-84.3013
  1452	-85.5626
  1453	-86.6403
  1454	-87.4853
  1455	-88.0886
  1456	-88.4767
  1457	-88.6982
  1458	-88.808
  1459	-88.8542
  1460	-88.8692
  1461	-88.8679
  1462	-88.8506
  1463	-88.8119
  1464	-88.7489
  1465	-88.6696
  1466	-88.5971
  1467	-88.5699
  1468	-88.6371
  1469	-88.8491
  1470	-89.2421
  1471	-89.8232
  1472	-90.559
  1473	-91.3757
  1474	-92.1735
  1475	-92.8518
  1476	-93.3335
  1477	-93.5822
  1478	-93.6084
  1479	-93.4646
  1480	-93.2294
  1481	-92.9893
  1482	-92.8193
  1483	-92.7689
  1484	-92.8565
  1485	-93.0751
  1486	-93.4024
  1487	-93.8123
  1488	-94.2837
  1489	-94.8039
  1490	-95.3659
  1491	-95.965
  1492	-96.5929
  1493	-97.235
  1494	-97.8672
  1495	-98.4532
  1496	-98.9461
  1497	-99.2944
  1498	-99.4508
  1499	-99.3836
  1500	-99.0889
  1501	-98.5984
  1502	-97.9808
  1503	-97.3292
  1504	-96.7401
  1505	-96.2921
  1506	-96.0292
  1507	-95.9582
  1508	-96.0577
  1509	-96.2934
  1510	-96.6315
  1511	-97.0444
  1512	-97.5131
  1513	-98.0207
  1514	-98.549
  1515	-99.0743
  1516	-99.5662
  1517	-99.9883
  1518	-100.3
  1519	-100.459
  1520	-100.427
  1521	-100.177
  1522	-99.695
  1523	-98.9916
  1524	-98.0994
  1525	-97.071
  1526	-95.97
  1527	-94.858
  1528	-93.7836
  1529	-92.7743
  1530	-91.8314
  1531	-90.9338
  1532	-90.0476
  1533	-89.1346
  1534	-88.1634
  1535	-87.1217
  1536	-86.0183
  1537	-84.8829
  1538	-83.7567
  1539	-82.6852
  1540	-81.7125
  1541	-80.8721
  1542	-80.1808
  1543	-79.637
  1544	-79.2252
  1545	-78.9275
  1546	-78.732
  1547	-78.6399
  1548	-78.6667
  1549	-78.8388
  1550	-79.1824
  1551	-79.7112
  1552	-80.4124
  1553	-81.243
  1554	-82.1319
  1555	-82.9893
  1556	-83.7254
  1557	-84.2685
  1558	-84.58
  1559	-84.6625
  1560	-84.5533
  1561	-84.3138
  1562	-84.0103
  1563	-83.6955
  1564	-83.3954
  1565	-83.1071
  1566	-82.8069
  1567	-82.4651
  1568	-82.0592
  1569	-81.5835
  1570	-81.0544
  1571	-80.5071
  1572	-79.9867
  1573	-79.54
  1574	-79.2018
  1575	-78.9837
  1576	-78.8713
  1577	-78.8292
  1578	-78.811
  1579	-78.774
  1580	-78.6915
  1581	-78.5631
  1582	-78.4178
  1583	-78.3095
  1584	-78.3035
  1585	-78.4598
  1586	-78.8145
  1587	-79.3714
  1588	-80.0979
  1589	-80.9349
  1590	-81.8126
  1591	-82.6659
  1592	-83.4494
  1593	-84.1413
  1594	-84.7443
  1595	-85.2824
  1596	-85.7882
  1597	-86.2902
  1598	-86.7988
  1599	-87.2996
  1600	-87.755
  1601	-88.1115
  1602	-88.3141
  1603	-88.3217
  1604	-88.1193
  1605	-87.7234
  1606	-87.1808
  1607	-86.5595
  1608	-85.9335
  1609	-85.3642
  1610	-84.8889
  1611	-84.513
  1612	-84.2133
  1613	-83.9501
  1614	-83.6828
  1615	-83.3828
  1616	-83.0438
  1617	-82.6872
  1618	-82.3623
  1619	-82.1386
  1620	-82.0905
  1621	-82.2744
  1622	-82.7055
  1623	-83.348
  1624	-84.1232
  1625	-84.9329
  1626	-85.69
  1627	-86.3393
  1628	-86.8667
  1629	-87.2925
  1630	-87.6538
  1631	-87.988
  1632	-88.3191
  1633	-88.6508
  1634	-88.9681
  1635	-89.2412
  1636	-89.4338
  1637	-89.5097
  1638	-89.4402
  1639	-89.2126
  1640	-88.8378
  1641	-88.3531
  1642	-87.8144
  1643	-87.2792
  1644	-86.7856
  1645	-86.3381
  1646	-85.908
  1647	-85.4482
  1648	-84.9144
  1649	-84.2822
  1650	-83.5556
  1651	-82.7646
  1652	-81.9547
  1653	-81.1736
  1654	-80.4599
  1655	-79.8372
  1656	-79.3141
  1657	-78.8891
  1658	-78.5518
  1659	-78.2865
  1660	-78.0753
  1661	-77.9027
  1662	-77.7606
  1663	-77.6516
  1664	-77.5887
  1665	-77.5884
  1666	-77.6623
  1667	-77.8078
  1668	-78.0024
  1669	-78.2044
  1670	-78.3587
  1671	-78.4085
  1672	-78.3089
  1673	-78.0372
  1674	-77.5993
  1675	-77.0269
  1676	-76.3713
  1677	-75.6956
  1678	-75.0618
  1679	-74.5223
  1680	-74.1149
  1681	-73.8538
  1682	-73.7257
  1683	-73.6942
  1684	-73.71
  1685	-73.7255
  1686	-73.7082
  1687	-73.6484
  1688	-73.5575
  1689	-73.4583
  1690	-73.3718
  1691	-73.3032
  1692	-73.2354
  1693	-73.1308
  1694	-72.9432
  1695	-72.6316
  1696	-72.1746
  1697	-71.5799
  1698	-70.8871
  1699	-70.1626
  1700	-69.4858
  1701	-68.9302
  1702	-68.5433
  1703	-68.3331
  1704	-68.2657
  1705	-68.2758
  1706	-68.2885
  1707	-68.2419
  1708	-68.1057
  1709	-67.8888
  1710	-67.6334
  1711	-67.3995
  1712	-67.2422
  1713	-67.1905
  1714	-67.2378
  1715	-67.3447
  1716	-67.4554
  1717	-67.5168
  1718	-67.497
  1719	-67.3951
  1720	-67.2404
  1721	-67.084
  1722	-66.9788
  1723	-66.962
  1724	-67.0392
  1725	-67.1805
  1726	-67.3283
  1727	-67.4137
  1728	-67.374
  1729	-67.1678
  1730	-66.7845
  1731	-66.2459
  1732	-65.6032
  1733	-64.93
  1734	-64.3094
  1735	-63.8168
  1736	-63.5066
  1737	-63.4058
  1738	-63.51
  1739	-63.7901
  1740	-64.2001
  1741	-64.6923
  1742	-65.2291
  1743	-65.7923
  1744	-66.3843
  1745	-67.0185
  1746	-67.7084
  1747	-68.4554
  1748	-69.2406
  1749	-70.0234
  1750	-70.7483
  1751	-71.3557
  1752	-71.7951
  1753	-72.0379
  1754	-72.0864
  1755	-71.9753
  1756	-71.7685
  1757	-71.5491
  1758	-71.4012
  1759	-71.3908
  1760	-71.5508
  1761	-71.8718
  1762	-72.3084
  1763	-72.7941
  1764	-73.2634
  1765	-73.6704
  1766	-73.9983
  1767	-74.261
  1768	-74.4936
  1769	-74.7384
  1770	-75.0283
  1771	-75.3723
  1772	-75.7479
  1773	-76.1073
  1774	-76.3917
  1775	-76.5484
  1776	-76.5489
  1777	-76.3991
  1778	-76.1408
  1779	-75.8439
  1780	-75.5902
  1781	-75.4525
  1782	-75.4763
  1783	-75.6697
  1784	-76.0044
  1785	-76.4277
  1786	-76.8788
  1787	-77.3044
  1788	-77.671
  1789	-77.9708
  1790	-78.2169
  1791	-78.4363
  1792	-78.6562
  1793	-78.8887
  1794	-79.1206
  1795	-79.3128
  1796	-79.4078
  1797	-79.3462
  1798	-79.0826
  1799	-78.5993
  1800	-77.913
  1801	-77.0713
  1802	-76.1399
  1803	-75.1916
  1804	-74.289
  1805	-73.4683
  1806	-72.7378
  1807	-72.0813
  1808	-71.4693
  1809	-70.8683
  1810	-70.2514
  1811	-69.6069
  1812	-68.9423
  1813	-68.2861
  1814	-67.6807
  1815	-67.1672
  1816	-66.7732
  1817	-66.5018
  1818	-66.3257
  1819	-66.1902
  1820	-66.0274
  1821	-65.7728
  1822	-65.3821
  1823	-64.8431
  1824	-64.1765
  1825	-63.4247
  1826	-62.639
  1827	-61.8653
  1828	-61.136
  1829	-60.4659
  1830	-59.8518
  1831	-59.2776
  1832	-58.7224
  1833	-58.1646
  1834	-57.5898
  1835	-56.9995
  1836	-56.4144
  1837	-55.8751
  1838	-55.4347
  1839	-55.1451
  1840	-55.0389
  1841	-55.1142
  1842	-55.3296
  1843	-55.6152
  1844	-55.8935
  1845	-56.1024
  1846	-56.2135
  1847	-56.2381
  1848	-56.2218
  1849	-56.2263
  1850	-56.3071
  1851	-56.4944
  1852	-56.7797
  1853	-57.1203
  1854	-57.4518
  1855	-57.7067
  1856	-57.8341
  1857	-57.8128
  1858	-57.6573
  1859	-57.414
  1860	-57.1488
  1861	-56.9298
  1862	-56.8056
  1863	-56.7916
  1864	-56.867
  1865	-56.9856
  1866	-57.094
  1867	-57.1532
  1868	-57.1542
  1869	-57.125
  1870	-57.1265
  1871	-57.2373
  1872	-57.5316
  1873	-58.057
  1874	-58.8208
  1875	-59.7861
  1876	-60.8845
  1877	-62.0364
  1878	-63.169
  1879	-64.2304
  1880	-65.1988
  1881	-66.0761
  1882	-66.8796
  1883	-67.6307
  1884	-68.3455
  1885	-69.031
  1886	-69.683
  1887	-70.2886
  1888	-70.8278
  1889	-71.2778
  1890	-71.6217
  1891	-71.8537
  1892	-71.9853
  1893	-72.046
  1894	-72.0792
  1895	-72.1318
  1896	-72.2411
  1897	-72.4231
  1898	-72.6663
  1899	-72.9345
  1900	-73.1758
  1901	-73.3383
  1902	-73.3841
  1903	-73.3005
  1904	-73.1025
  1905	-72.8279
  1906	-72.5288
  1907	-72.2602
  1908	-72.0676
  1909	-71.978
  1910	-71.994
  1911	-72.0951
  1912	-72.2472
  1913	-72.4149
  1914	-72.5741
  1915	-72.7219
  1916	-72.8775
  1917	-73.0768
  1918	-73.3599
  1919	-73.7547
  1920	-74.2628
  1921	-74.8523
  1922	-75.4616
  1923	-76.0143
  1924	-76.4379
  1925	-76.6788
  1926	-76.7142
  1927	-76.5559
  1928	-76.2459
  1929	-75.8478
  1930	-75.4292
  1931	-75.0441
  1932	-74.7161
  1933	-74.4343
  1934	-74.16
  1935	-73.8426
  1936	-73.4402
  1937	-72.9359
  1938	-72.3462
  1939	-71.7205
  1940	-71.1277
  1941	-70.6364
  1942	-70.2927
  1943	-70.1029
  1944	-70.0314
  1945	-70.0144
  1946	-69.9823
  1947	-69.8811
  1948	-69.6875
  1949	-69.4148
  1950	-69.1087
  1951	-68.8346
  1952	-68.6612
  1953	-68.6412
  1954	-68.7985
  1955	-69.1244
  1956	-69.5817
  1957	-70.1177
  1958	-70.677
  1959	-71.2146
  1960	-71.7054
  1961	-72.1469
  1962	-72.5544
  1963	-72.9529
  1964	-73.3627
  1965	-73.788
  1966	-74.2098
  1967	-74.5877
  1968	-74.8712
  1969	-75.0131
  1970	-74.9805
  1971	-74.7646
  1972	-74.3838
  1973	-73.8811
  1974	-73.3153
  1975	-72.7498
  1976	-72.2404
  1977	-71.8257
  1978	-71.5223
  1979	-71.3251
  1980	-71.2138
  1981	-71.1598
  1982	-71.1362
  1983	-71.1245
  1984	-71.1181
  1985	-71.1213
  1986	-71.1458
  1987	-71.2042
  1988	-71.302
  1989	-71.4309
  1990	-71.5671
  1991	-71.6722
  1992	-71.7024
  1993	-71.6198
  1994	-71.4053
  1995	-71.0673
  1996	-70.6427
  1997	-70.1923
  1998	-69.7866
  1999	-69.4878
  2000	-69.3322
  2001	-69.3202
