     1	-109.318
     2	-109.364
     3	-109.265
     4	-109.069
     5	-108.836
     6	-108.618
     7	-108.452
     8	-108.347
     9	-108.291
    10	-108.262
    11	-108.241
    12	-108.227
    13	-108.236
    14	-108.301
    15	-108.461
    16	-108.748
    17	-109.173
    18	-109.729
    19	-110.383
    20	-111.087
    21	-111.781
    22	-112.405
    23	-112.905
    24	-113.242
    25	-113.403
    26	-113.401
    27	-113.273
    28	-113.075
    29	-112.86
    30	-112.672
    31	-112.531
    32	-112.44
    33	-112.391
    34	-112.375
    35	-112.395
    36	-112.466
    37	-112.607
    38	-112.84
    39	-113.174
    40	-113.606
    41	-114.116
    42	-114.673
    43	-115.243
    44	-115.79
    45	-116.285
    46	-116.703
    47	-117.032
    48	-117.272
    49	-117.433
    50	-117.537
    51	-117.611
    52	-117.676
    53	-117.737
    54	-117.783
    55	-117.781
    56	-117.694
    57	-117.487
    58	-117.139
    59	-116.655
    60	-116.06
    61	-115.394
    62	-114.704
    63	-114.033
    64	-113.413
    65	-112.859
    66	-112.362
    67	-111.9
    68	-111.443
    69	-110.965
    70	-110.456
    71	-109.932
    72	-109.43
    73	-109.006
    74	-108.716
    75	-108.596
    76	-108.651
    77	-108.852
    78	-109.141
    79	-109.453
    80	-109.73
    81	-109.927
    82	-110.021
    83	-110.006
    84	-109.893
    85	-109.707
    86	-109.475
    87	-109.22
    88	-108.951
    89	-108.657
    90	-108.314
    91	-107.898
    92	-107.402
    93	-106.848
    94	-106.294
    95	-105.818
    96	-105.493
    97	-105.362
    98	-105.422
    99	-105.63
   100	-105.917
   101	-106.214
   102	-106.467
   103	-106.645
   104	-106.74
   105	-106.762
   106	-106.734
   107	-106.681
   108	-106.626
   109	-106.584
   110	-106.556
   111	-106.529
   112	-106.474
   113	-106.353
   114	-106.129
   115	-105.773
   116	-105.275
   117	-104.647
   118	-103.92
   119	-103.14
   120	-102.35
   121	-101.59
   122	-100.876
   123	-100.21
   124	-99.5763
   125	-98.9576
   126	-98.3439
   127	-97.7461
   128	-97.2004
   129	-96.7652
   130	-96.5137
   131	-96.5167
   132	-96.8253
   133	-97.4536
   134	-98.3682
   135	-99.4926
   136	-100.721
   137	-101.942
   138	-103.061
   139	-104.013
   140	-104.771
   141	-105.339
   142	-105.744
   143	-106.02
   144	-106.195
   145	-106.275
   146	-106.242
   147	-106.057
   148	-105.672
   149	-105.051
   150	-104.184
   151	-103.097
   152	-101.859
   153	-100.566
   154	-99.3246
   155	-98.2183
   156	-97.2824
   157	-96.4985
   158	-95.8051
   159	-95.1242
   160	-94.392
   161	-93.5788
   162	-92.6964
   163	-91.7973
   164	-90.9602
   165	-90.2684
   166	-89.7867
   167	-89.5461
   168	-89.5376
   169	-89.7198
   170	-90.0348
   171	-90.4228
   172	-90.8339
   173	-91.2353
   174	-91.6145
   175	-91.9774
   176	-92.3421
   177	-92.7269
   178	-93.1362
   179	-93.5492
   180	-93.9173
   181	-94.1745
   182	-94.254
   183	-94.1094
   184	-93.7298
   185	-93.145
   186	-92.4206
   187	-91.6437
   188	-90.9021
   189	-90.2682
   190	-89.7907
   191	-89.4919
   192	-89.3695
   193	-89.4042
   194	-89.5666
   195	-89.8234
   196	-90.1468
   197	-90.518
   198	-90.9306
   199	-91.3881
   200	-91.8958
   201	-92.4514
   202	-93.0351
   203	-93.6073
   204	-94.1135
   205	-94.4961
   206	-94.7097
   207	-94.7335
   208	-94.5773
   209	-94.2805
   210	-93.9047
   211	-93.5194
   212	-93.1845
   213	-92.9337
   214	-92.7631
   215	-92.6344
   216	-92.4884
   217	-92.2664
   218	-91.9269
   219	-91.4581
   220	-90.8775
   221	-90.227
   222	-89.5614
   223	-88.9379
   224	-88.4028
   225	-87.9805
   226	-87.6711
   227	-87.4568
   228	-87.3148
   229	-87.231
   230	-87.2125
   231	-87.2946
   232	-87.5357
   233	-88.0017
   234	-88.742
   235	-89.7657
   236	-91.0278
   237	-92.4354
   238	-93.8709
   239	-95.2211
   240	-96.3948
   241	-97.3342
   242	-98.0131
   243	-98.4327
   244	-98.616
   245	-98.5971
   246	-98.4164
   247	-98.1122
   248	-97.7152
   249	-97.2455
   250	-96.7151
   251	-96.1347
   252	-95.523
   253	-94.9107
   254	-94.3392
   255	-93.8555
   256	-93.4976
   257	-93.2811
   258	-93.1923
   259	-93.1915
   260	-93.2242
   261	-93.236
   262	-93.1842
   263	-93.0434
   264	-92.8054
   265	-92.4757
   266	-92.0708
   267	-91.616
   268	-91.1414
   269	-90.6796
   270	-90.2634
   271	-89.9182
   272	-89.6565
   273	-89.4746
   274	-89.3549
   275	-89.2737
   276	-89.2096
   277	-89.148
   278	-89.0816
   279	-89.0062
   280	-88.9158
   281	-88.8004
   282	-88.6465
   283	-88.4403
   284	-88.171
   285	-87.832
   286	-87.4206
   287	-86.9395
   288	-86.3971
   289	-85.8115
   290	-85.2147
   291	-84.6512
   292	-84.1702
   293	-83.8143
   294	-83.6079
   295	-83.5469
   296	-83.6014
   297	-83.7259
   298	-83.872
   299	-84.0007
   300	-84.0897
   301	-84.1331
   302	-84.1368
   303	-84.111
   304	-84.0628
   305	-83.9906
   306	-83.8815
   307	-83.7157
   308	-83.4743
   309	-83.1497
   310	-82.7549
   311	-82.3281
   312	-81.9288
   313	-81.6232
   314	-81.4662
   315	-81.4813
   316	-81.654
   317	-81.938
   318	-82.2729
   319	-82.6035
   320	-82.8926
   321	-83.1237
   322	-83.2971
   323	-83.4199
   324	-83.5
   325	-83.5409
   326	-83.5405
   327	-83.4946
   328	-83.3993
   329	-83.256
   330	-83.0741
   331	-82.872
   332	-82.6765
   333	-82.5189
   334	-82.4294
   335	-82.4316
   336	-82.5382
   337	-82.7482
   338	-83.0475
   339	-83.4138
   340	-83.8224
   341	-84.2536
   342	-84.6934
   343	-85.1316
   344	-85.5585
   345	-85.9672
   346	-86.355
   347	-86.7304
   348	-87.1176
   349	-87.5539
   350	-88.0807
   351	-88.7322
   352	-89.5237
   353	-90.4449
   354	-91.4643
   355	-92.5416
   356	-93.6379
   357	-94.7232
   358	-95.7788
   359	-96.7939
   360	-97.7603
   361	-98.6675
   362	-99.5
   363	-100.239
   364	-100.861
   365	-101.34
   366	-101.647
   367	-101.754
   368	-101.645
   369	-101.328
   370	-100.844
   371	-100.268
   372	-99.705
   373	-99.2582
   374	-99.0055
   375	-98.9766
   376	-99.1558
   377	-99.5004
   378	-99.9656
   379	-100.522
   380	-101.162
   381	-101.893
   382	-102.728
   383	-103.674
   384	-104.723
   385	-105.854
   386	-107.032
   387	-108.213
   388	-109.353
   389	-110.407
   390	-111.339
   391	-112.118
   392	-112.721
   393	-113.13
   394	-113.332
   395	-113.321
   396	-113.094
   397	-112.654
   398	-112.007
   399	-111.161
   400	-110.126
   401	-108.921
   402	-107.574
   403	-106.13
   404	-104.647
   405	-103.187
   406	-101.802
   407	-100.526
   408	-99.3789
   409	-98.3729
   410	-97.5268
   411	-96.8721
   412	-96.4492
   413	-96.2973
   414	-96.4388
   415	-96.867
   416	-97.5469
   417	-98.427
   418	-99.4528
   419	-100.577
   420	-101.763
   421	-102.98
   422	-104.197
   423	-105.378
   424	-106.49
   425	-107.506
   426	-108.406
   427	-109.183
   428	-109.832
   429	-110.347
   430	-110.713
   431	-110.91
   432	-110.916
   433	-110.719
   434	-110.328
   435	-109.771
   436	-109.087
   437	-108.314
   438	-107.487
   439	-106.633
   440	-105.782
   441	-104.971
   442	-104.244
   443	-103.637
   444	-103.168
   445	-102.833
   446	-102.608
   447	-102.468
   448	-102.403
   449	-102.428
   450	-102.584
   451	-102.924
   452	-103.482
   453	-104.255
   454	-105.197
   455	-106.227
   456	-107.262
   457	-108.238
   458	-109.118
   459	-109.891
   460	-110.553
   461	-111.101
   462	-111.531
   463	-111.837
   464	-112.021
   465	-112.087
   466	-112.043
   467	-111.897
   468	-111.66
   469	-111.349
   470	-110.995
   471	-110.64
   472	-110.334
   473	-110.114
   474	-109.995
   475	-109.968
   476	-110.012
   477	-110.107
   478	-110.249
   479	-110.459
   480	-110.764
   481	-111.192
   482	-111.747
   483	-112.405
   484	-113.118
   485	-113.833
   486	-114.51
   487	-115.127
   488	-115.69
   489	-116.219
   490	-116.743
   491	-117.279
   492	-117.829
   493	-118.37
   494	-118.863
   495	-119.265
   496	-119.534
   497	-119.645
   498	-119.591
   499	-119.384
   500	-119.054
   501	-118.644
   502	-118.203
   503	-117.775
   504	-117.391
   505	-117.067
   506	-116.8
   507	-116.582
   508	-116.407
   509	-116.278
   510	-116.212
   511	-116.235
   512	-116.372
   513	-116.634
   514	-117.014
   515	-117.482
   516	-117.99
   517	-118.483
   518	-118.909
   519	-119.224
   520	-119.402
   521	-119.438
   522	-119.341
   523	-119.137
   524	-118.86
   525	-118.547
   526	-118.229
   527	-117.928
   528	-117.658
   529	-117.425
   530	-117.233
   531	-117.091
   532	-117.015
   533	-117.025
   534	-117.149
   535	-117.407
   536	-117.807
   537	-118.342
   538	-118.988
   539	-119.711
   540	-120.474
   541	-121.243
   542	-121.988
   543	-122.688
   544	-123.331
   545	-123.913
   546	-124.44
   547	-124.931
   548	-125.407
   549	-125.893
   550	-126.405
   551	-126.944
   552	-127.491
   553	-128.014
   554	-128.476
   555	-128.852
   556	-129.127
   557	-129.304
   558	-129.397
   559	-129.426
   560	-129.407
   561	-129.356
   562	-129.278
   563	-129.173
   564	-129.037
   565	-128.861
   566	-128.646
   567	-128.403
   568	-128.16
   569	-127.961
   570	-127.861
   571	-127.909
   572	-128.134
   573	-128.533
   574	-129.071
   575	-129.695
   576	-130.348
   577	-130.985
   578	-131.577
   579	-132.107
   580	-132.571
   581	-132.967
   582	-133.296
   583	-133.554
   584	-133.737
   585	-133.84
   586	-133.857
   587	-133.781
   588	-133.608
   589	-133.339
   590	-132.99
   591	-132.589
   592	-132.18
   593	-131.81
   594	-131.518
   595	-131.321
   596	-131.208
   597	-131.148
   598	-131.098
   599	-131.026
   600	-130.917
   601	-130.772
   602	-130.61
   603	-130.449
   604	-130.302
   605	-130.172
   606	-130.051
   607	-129.925
   608	-129.782
   609	-129.606
   610	-129.389
   611	-129.123
   612	-128.807
   613	-128.447
   614	-128.05
   615	-127.625
   616	-127.174
   617	-126.692
   618	-126.16
   619	-125.554
   620	-124.852
   621	-124.04
   622	-123.12
   623	-122.104
   624	-121.021
   625	-119.905
   626	-118.799
   627	-117.751
   628	-116.811
   629	-116.031
   630	-115.464
   631	-115.153
   632	-115.121
   633	-115.358
   634	-115.826
   635	-116.47
   636	-117.233
   637	-118.071
   638	-118.956
   639	-119.866
   640	-120.783
   641	-121.677
   642	-122.505
   643	-123.21
   644	-123.737
   645	-124.042
   646	-124.106
   647	-123.938
   648	-123.572
   649	-123.06
   650	-122.461
   651	-121.825
   652	-121.187
   653	-120.566
   654	-119.972
   655	-119.404
   656	-118.861
   657	-118.346
   658	-117.871
   659	-117.465
   660	-117.168
   661	-117.029
   662	-117.087
   663	-117.358
   664	-117.824
   665	-118.439
   666	-119.14
   667	-119.87
   668	-120.596
   669	-121.316
   670	-122.05
   671	-122.83
   672	-123.675
   673	-124.58
   674	-125.514
   675	-126.425
   676	-127.26
   677	-127.977
   678	-128.553
   679	-128.986
   680	-129.281
   681	-129.452
   682	-129.515
   683	-129.49
   684	-129.396
   685	-129.254
   686	-129.079
   687	-128.883
   688	-128.672
   689	-128.446
   690	-128.208
   691	-127.966
   692	-127.736
   693	-127.542
   694	-127.407
   695	-127.348
   696	-127.365
   697	-127.447
   698	-127.573
   699	-127.72
   700	-127.87
   701	-128.01
   702	-128.133
   703	-128.231
   704	-128.295
   705	-128.316
   706	-128.289
   707	-128.216
   708	-128.104
   709	-127.966
   710	-127.813
   711	-127.649
   712	-127.469
   713	-127.263
   714	-127.015
   715	-126.718
   716	-126.374
   717	-126
   718	-125.622
   719	-125.268
   720	-124.958
   721	-124.7
   722	-124.487
   723	-124.299
   724	-124.109
   725	-123.892
   726	-123.626
   727	-123.301
   728	-122.917
   729	-122.486
   730	-122.025
   731	-121.553
   732	-121.084
   733	-120.615
   734	-120.134
   735	-119.617
   736	-119.034
   737	-118.363
   738	-117.595
   739	-116.744
   740	-115.849
   741	-114.966
   742	-114.154
   743	-113.464
   744	-112.917
   745	-112.502
   746	-112.182
   747	-111.913
   748	-111.668
   749	-111.443
   750	-111.264
   751	-111.17
   752	-111.196
   753	-111.353
   754	-111.623
   755	-111.971
   756	-112.356
   757	-112.744
   758	-113.113
   759	-113.452
   760	-113.755
   761	-114.026
   762	-114.274
   763	-114.511
   764	-114.754
   765	-115.013
   766	-115.286
   767	-115.557
   768	-115.793
   769	-115.956
   770	-116.012
   771	-115.944
   772	-115.758
   773	-115.474
   774	-115.124
   775	-114.737
   776	-114.339
   777	-113.949
   778	-113.585
   779	-113.265
   780	-113.003
   781	-112.809
   782	-112.687
   783	-112.642
   784	-112.677
   785	-112.8
   786	-113.024
   787	-113.36
   788	-113.814
   789	-114.374
   790	-115.012
   791	-115.682
   792	-116.329
   793	-116.9
   794	-117.351
   795	-117.655
   796	-117.8
   797	-117.793
   798	-117.653
   799	-117.409
   800	-117.094
   801	-116.733
   802	-116.341
   803	-115.922
   804	-115.469
   805	-114.982
   806	-114.468
   807	-113.958
   808	-113.497
   809	-113.142
   810	-112.935
   811	-112.894
   812	-112.998
   813	-113.2
   814	-113.437
   815	-113.654
   816	-113.817
   817	-113.915
   818	-113.96
   819	-113.978
   820	-114
   821	-114.054
   822	-114.157
   823	-114.319
   824	-114.534
   825	-114.791
   826	-115.071
   827	-115.356
   828	-115.628
   829	-115.878
   830	-116.103
   831	-116.305
   832	-116.486
   833	-116.64
   834	-116.752
   835	-116.794
   836	-116.734
   837	-116.552
   838	-116.242
   839	-115.822
   840	-115.333
   841	-114.827
   842	-114.358
   843	-113.976
   844	-113.718
   845	-113.601
   846	-113.631
   847	-113.792
   848	-114.059
   849	-114.395
   850	-114.756
   851	-115.103
   852	-115.406
   853	-115.648
   854	-115.825
   855	-115.933
   856	-115.969
   857	-115.922
   858	-115.78
   859	-115.538
   860	-115.201
   861	-114.785
   862	-114.322
   863	-113.849
   864	-113.405
   865	-113.025
   866	-112.738
   867	-112.567
   868	-112.53
   869	-112.643
   870	-112.919
   871	-113.358
   872	-113.951
   873	-114.67
   874	-115.479
   875	-116.338
   876	-117.214
   877	-118.079
   878	-118.918
   879	-119.721
   880	-120.477
   881	-121.171
   882	-121.791
   883	-122.325
   884	-122.768
   885	-123.126
   886	-123.416
   887	-123.653
   888	-123.846
   889	-123.993
   890	-124.083
   891	-124.107
   892	-124.065
   893	-123.969
   894	-123.832
   895	-123.663
   896	-123.464
   897	-123.231
   898	-122.966
   899	-122.68
   900	-122.391
   901	-122.113
   902	-121.855
   903	-121.604
   904	-121.344
   905	-121.058
   906	-120.742
   907	-120.417
   908	-120.12
   909	-119.896
   910	-119.782
   911	-119.795
   912	-119.926
   913	-120.146
   914	-120.415
   915	-120.694
   916	-120.949
   917	-121.151
   918	-121.275
   919	-121.301
   920	-121.214
   921	-121.011
   922	-120.696
   923	-120.287
   924	-119.806
   925	-119.276
   926	-118.717
   927	-118.149
   928	-117.596
   929	-117.087
   930	-116.661
   931	-116.355
   932	-116.196
   933	-116.192
   934	-116.33
   935	-116.581
   936	-116.91
   937	-117.285
   938	-117.682
   939	-118.079
   940	-118.46
   941	-118.805
   942	-119.091
   943	-119.296
   944	-119.405
   945	-119.41
   946	-119.312
   947	-119.12
   948	-118.845
   949	-118.494
   950	-118.074
   951	-117.587
   952	-117.04
   953	-116.439
   954	-115.794
   955	-115.115
   956	-114.414
   957	-113.702
   958	-112.99
   959	-112.289
   960	-111.61
   961	-110.961
   962	-110.351
   963	-109.784
   964	-109.267
   965	-108.812
   966	-108.446
   967	-108.203
   968	-108.127
   969	-108.258
   970	-108.612
   971	-109.175
   972	-109.898
   973	-110.71
   974	-111.541
   975	-112.328
   976	-113.036
   977	-113.646
   978	-114.159
   979	-114.582
   980	-114.927
   981	-115.202
   982	-115.416
   983	-115.573
   984	-115.68
   985	-115.74
   986	-115.757
   987	-115.738
   988	-115.69
   989	-115.624
   990	-115.553
   991	-115.491
   992	-115.444
   993	-115.412
   994	-115.381
   995	-115.327
   996	-115.224
   997	-115.043
   998	-114.768
   999	-114.391
  1000	-113.92
  1001	-113.372
  1002	-112.77
  1003	-112.142
  1004	-111.509
  1005	-110.891
  1006	-110.303
  1007	-109.76
  1008	-109.28
  1009	-108.882
  1010	-108.583
  1011	-108.397
  1012	-108.33
  1013	-108.378
  1014	-108.531
  1015	-108.771
  1016	-109.079
  1017	-109.436
  1018	-109.824
  1019	-110.23
  1020	-110.642
  1021	-111.051
  1022	-111.451
  1023	-111.841
  1024	-112.219
  1025	-112.587
  1026	-112.942
  1027	-113.282
  1028	-113.597
  1029	-113.871
  1030	-114.083
  1031	-114.207
  1032	-114.221
  1033	-114.106
  1034	-113.853
  1035	-113.46
  1036	-112.927
  1037	-112.261
  1038	-111.473
  1039	-110.576
  1040	-109.588
  1041	-108.528
  1042	-107.417
  1043	-106.277
  1044	-105.128
  1045	-103.999
  1046	-102.925
  1047	-101.961
  1048	-101.17
  1049	-100.612
  1050	-100.328
  1051	-100.319
  1052	-100.545
  1053	-100.934
  1054	-101.405
  1055	-101.889
  1056	-102.346
  1057	-102.756
  1058	-103.121
  1059	-103.454
  1060	-103.766
  1061	-104.065
  1062	-104.358
  1063	-104.646
  1064	-104.928
  1065	-105.206
  1066	-105.482
  1067	-105.761
  1068	-106.056
  1069	-106.384
  1070	-106.765
  1071	-107.214
  1072	-107.733
  1073	-108.309
  1074	-108.911
  1075	-109.499
  1076	-110.035
  1077	-110.495
  1078	-110.874
  1079	-111.185
  1080	-111.454
  1081	-111.708
  1082	-111.969
  1083	-112.247
  1084	-112.545
  1085	-112.852
  1086	-113.16
  1087	-113.455
  1088	-113.731
  1089	-113.982
  1090	-114.208
  1091	-114.409
  1092	-114.589
  1093	-114.749
  1094	-114.888
  1095	-115.002
  1096	-115.082
  1097	-115.117
  1098	-115.095
  1099	-115.003
  1100	-114.834
  1101	-114.588
  1102	-114.277
  1103	-113.922
  1104	-113.561
  1105	-113.232
  1106	-112.976
  1107	-112.824
  1108	-112.794
  1109	-112.886
  1110	-113.087
  1111	-113.375
  1112	-113.728
  1113	-114.129
  1114	-114.565
  1115	-115.031
  1116	-115.52
  1117	-116.026
  1118	-116.541
  1119	-117.051
  1120	-117.543
  1121	-118.003
  1122	-118.421
  1123	-118.793
  1124	-119.123
  1125	-119.418
  1126	-119.691
  1127	-119.958
  1128	-120.231
  1129	-120.52
  1130	-120.828
  1131	-121.145
  1132	-121.45
  1133	-121.711
  1134	-121.893
  1135	-121.965
  1136	-121.907
  1137	-121.714
  1138	-121.399
  1139	-120.981
  1140	-120.485
  1141	-119.932
  1142	-119.338
  1143	-118.714
  1144	-118.069
  1145	-117.413
  1146	-116.762
  1147	-116.133
  1148	-115.546
  1149	-115.021
  1150	-114.574
  1151	-114.21
  1152	-113.928
  1153	-113.711
  1154	-113.532
  1155	-113.353
  1156	-113.136
  1157	-112.846
  1158	-112.459
  1159	-111.969
  1160	-111.386
  1161	-110.736
  1162	-110.062
  1163	-109.413
  1164	-108.838
  1165	-108.387
  1166	-108.1
  1167	-108.012
  1168	-108.144
  1169	-108.504
  1170	-109.085
  1171	-109.871
  1172	-110.829
  1173	-111.923
  1174	-113.111
  1175	-114.348
  1176	-115.59
  1177	-116.788
  1178	-117.898
  1179	-118.877
  1180	-119.686
  1181	-120.294
  1182	-120.68
  1183	-120.836
  1184	-120.769
  1185	-120.498
  1186	-120.055
  1187	-119.485
  1188	-118.835
  1189	-118.153
  1190	-117.482
  1191	-116.848
  1192	-116.265
  1193	-115.726
  1194	-115.219
  1195	-114.728
  1196	-114.243
  1197	-113.767
  1198	-113.311
  1199	-112.896
  1200	-112.539
  1201	-112.249
  1202	-112.027
  1203	-111.863
  1204	-111.744
  1205	-111.665
  1206	-111.629
  1207	-111.656
  1208	-111.776
  1209	-112.021
  1210	-112.419
  1211	-112.98
  1212	-113.695
  1213	-114.528
  1214	-115.425
  1215	-116.325
  1216	-117.166
  1217	-117.899
  1218	-118.491
  1219	-118.927
  1220	-119.21
  1221	-119.356
  1222	-119.386
  1223	-119.319
  1224	-119.17
  1225	-118.94
  1226	-118.626
  1227	-118.224
  1228	-117.734
  1229	-117.163
  1230	-116.535
  1231	-115.88
  1232	-115.239
  1233	-114.648
  1234	-114.137
  1235	-113.721
  1236	-113.397
  1237	-113.138
  1238	-112.904
  1239	-112.646
  1240	-112.318
  1241	-111.891
  1242	-111.358
  1243	-110.746
  1244	-110.107
  1245	-109.506
  1246	-109.001
  1247	-108.63
  1248	-108.399
  1249	-108.286
  1250	-108.251
  1251	-108.255
  1252	-108.271
  1253	-108.29
  1254	-108.319
  1255	-108.375
  1256	-108.479
  1257	-108.644
  1258	-108.869
  1259	-109.14
  1260	-109.427
  1261	-109.691
  1262	-109.893
  1263	-110.004
  1264	-110.01
  1265	-109.928
  1266	-109.797
  1267	-109.679
  1268	-109.636
  1269	-109.715
  1270	-109.928
  1271	-110.251
  1272	-110.63
  1273	-111.006
  1274	-111.326
  1275	-111.563
  1276	-111.718
  1277	-111.814
  1278	-111.888
  1279	-111.978
  1280	-112.107
  1281	-112.277
  1282	-112.466
  1283	-112.635
  1284	-112.744
  1285	-112.758
  1286	-112.663
  1287	-112.464
  1288	-112.19
  1289	-111.884
  1290	-111.593
  1291	-111.36
  1292	-111.206
  1293	-111.131
  1294	-111.112
  1295	-111.115
  1296	-111.105
  1297	-111.055
  1298	-110.96
  1299	-110.833
  1300	-110.703
  1301	-110.61
  1302	-110.591
  1303	-110.672
  1304	-110.862
  1305	-111.155
  1306	-111.537
  1307	-111.984
  1308	-112.481
  1309	-113.017
  1310	-113.591
  1311	-114.213
  1312	-114.899
  1313	-115.665
  1314	-116.522
  1315	-117.469
  1316	-118.486
  1317	-119.538
  1318	-120.575
  1319	-121.548
  1320	-122.408
  1321	-123.12
  1322	-123.665
  1323	-124.034
  1324	-124.228
  1325	-124.251
  1326	-124.104
  1327	-123.788
  1328	-123.305
  1329	-122.662
  1330	-121.877
  1331	-120.979
  1332	-120.011
  1333	-119.021
  1334	-118.067
  1335	-117.201
  1336	-116.465
  1337	-115.888
  1338	-115.478
  1339	-115.227
  1340	-115.11
  1341	-115.094
  1342	-115.145
  1343	-115.239
  1344	-115.364
  1345	-115.523
  1346	-115.727
  1347	-115.995
  1348	-116.335
  1349	-116.743
  1350	-117.205
  1351	-117.699
  1352	-118.203
  1353	-118.702
  1354	-119.196
  1355	-119.693
  1356	-120.206
  1357	-120.751
  1358	-121.338
  1359	-121.966
  1360	-122.625
  1361	-123.296
  1362	-123.951
  1363	-124.558
  1364	-125.086
  1365	-125.512
  1366	-125.819
  1367	-126.002
  1368	-126.064
  1369	-126.012
  1370	-125.851
  1371	-125.586
  1372	-125.219
  1373	-124.753
  1374	-124.199
  1375	-123.576
  1376	-122.911
  1377	-122.238
  1378	-121.591
  1379	-120.999
  1380	-120.479
  1381	-120.04
  1382	-119.679
  1383	-119.394
  1384	-119.179
  1385	-119.028
  1386	-118.934
  1387	-118.887
  1388	-118.877
  1389	-118.891
  1390	-118.916
  1391	-118.941
  1392	-118.961
  1393	-118.974
  1394	-118.99
  1395	-119.02
  1396	-119.082
  1397	-119.191
  1398	-119.358
  1399	-119.589
  1400	-119.881
  1401	-120.224
  1402	-120.603
  1403	-121.001
  1404	-121.402
  1405	-121.79
  1406	-122.15
  1407	-122.47
  1408	-122.735
  1409	-122.933
  1410	-123.046
  1411	-123.057
  1412	-122.954
  1413	-122.733
  1414	-122.401
  1415	-121.986
  1416	-121.523
  1417	-121.058
  1418	-120.632
  1419	-120.275
  1420	-119.997
  1421	-119.791
  1422	-119.638
  1423	-119.51
  1424	-119.386
  1425	-119.249
  1426	-119.095
  1427	-118.926
  1428	-118.748
  1429	-118.568
  1430	-118.391
  1431	-118.218
  1432	-118.046
  1433	-117.871
  1434	-117.689
  1435	-117.503
  1436	-117.317
  1437	-117.146
  1438	-117.008
  1439	-116.927
  1440	-116.922
  1441	-117.003
  1442	-117.17
  1443	-117.407
  1444	-117.688
  1445	-117.977
  1446	-118.241
  1447	-118.454
  1448	-118.598
  1449	-118.668
  1450	-118.669
  1451	-118.616
  1452	-118.526
  1453	-118.42
  1454	-118.317
  1455	-118.234
  1456	-118.183
  1457	-118.172
  1458	-118.208
  1459	-118.301
  1460	-118.456
  1461	-118.681
  1462	-118.976
  1463	-119.335
  1464	-119.739
  1465	-120.158
  1466	-120.558
  1467	-120.908
  1468	-121.181
  1469	-121.362
  1470	-121.447
  1471	-121.443
  1472	-121.362
  1473	-121.226
  1474	-121.059
  1475	-120.886
  1476	-120.73
  1477	-120.607
  1478	-120.525
  1479	-120.485
  1480	-120.48
  1481	-120.506
  1482	-120.555
  1483	-120.626
  1484	-120.716
  1485	-120.82
  1486	-120.933
  1487	-121.043
  1488	-121.142
  1489	-121.216
  1490	-121.256
  1491	-121.253
  1492	-121.207
  1493	-121.121
  1494	-121.006
  1495	-120.88
  1496	-120.764
  1497	-120.677
  1498	-120.636
  1499	-120.647
  1500	-120.706
  1501	-120.8
  1502	-120.906
  1503	-120.999
  1504	-121.048
  1505	-121.028
  1506	-120.916
  1507	-120.701
  1508	-120.377
  1509	-119.948
  1510	-119.421
  1511	-118.801
  1512	-118.092
  1513	-117.296
  1514	-116.422
  1515	-115.487
  1516	-114.516
  1517	-113.546
  1518	-112.614
  1519	-111.754
  1520	-110.987
  1521	-110.324
  1522	-109.764
  1523	-109.296
  1524	-108.904
  1525	-108.569
  1526	-108.273
  1527	-107.997
  1528	-107.723
  1529	-107.439
  1530	-107.134
  1531	-106.803
  1532	-106.448
  1533	-106.078
  1534	-105.708
  1535	-105.358
  1536	-105.048
  1537	-104.79
  1538	-104.588
  1539	-104.431
  1540	-104.304
  1541	-104.191
  1542	-104.086
  1543	-103.988
  1544	-103.908
  1545	-103.853
  1546	-103.829
  1547	-103.825
  1548	-103.823
  1549	-103.795
  1550	-103.716
  1551	-103.568
  1552	-103.351
  1553	-103.086
  1554	-102.811
  1555	-102.578
  1556	-102.44
  1557	-102.437
  1558	-102.586
  1559	-102.876
  1560	-103.278
  1561	-103.755
  1562	-104.276
  1563	-104.82
  1564	-105.386
  1565	-105.98
  1566	-106.616
  1567	-107.297
  1568	-108.014
  1569	-108.744
  1570	-109.454
  1571	-110.111
  1572	-110.693
  1573	-111.189
  1574	-111.608
  1575	-111.974
  1576	-112.319
  1577	-112.671
  1578	-113.04
  1579	-113.415
  1580	-113.767
  1581	-114.06
  1582	-114.262
  1583	-114.361
  1584	-114.36
  1585	-114.281
  1586	-114.153
  1587	-114
  1588	-113.841
  1589	-113.684
  1590	-113.53
  1591	-113.377
  1592	-113.222
  1593	-113.069
  1594	-112.925
  1595	-112.807
  1596	-112.736
  1597	-112.734
  1598	-112.821
  1599	-112.997
  1600	-113.246
  1601	-113.536
  1602	-113.823
  1603	-114.071
  1604	-114.254
  1605	-114.364
  1606	-114.407
  1607	-114.395
  1608	-114.344
  1609	-114.264
  1610	-114.159
  1611	-114.037
  1612	-113.907
  1613	-113.784
  1614	-113.69
  1615	-113.651
  1616	-113.691
  1617	-113.828
  1618	-114.063
  1619	-114.387
  1620	-114.774
  1621	-115.192
  1622	-115.605
  1623	-115.982
  1624	-116.297
  1625	-116.527
  1626	-116.652
  1627	-116.655
  1628	-116.522
  1629	-116.245
  1630	-115.822
  1631	-115.26
  1632	-114.573
  1633	-113.787
  1634	-112.936
  1635	-112.06
  1636	-111.208
  1637	-110.426
  1638	-109.753
  1639	-109.22
  1640	-108.835
  1641	-108.587
  1642	-108.45
  1643	-108.395
  1644	-108.401
  1645	-108.464
  1646	-108.594
  1647	-108.802
  1648	-109.091
  1649	-109.444
  1650	-109.828
  1651	-110.205
  1652	-110.542
  1653	-110.825
  1654	-111.056
  1655	-111.253
  1656	-111.441
  1657	-111.643
  1658	-111.875
  1659	-112.145
  1660	-112.458
  1661	-112.813
  1662	-113.207
  1663	-113.624
  1664	-114.04
  1665	-114.418
  1666	-114.716
  1667	-114.896
  1668	-114.939
  1669	-114.847
  1670	-114.644
  1671	-114.365
  1672	-114.048
  1673	-113.726
  1674	-113.429
  1675	-113.18
  1676	-113.001
  1677	-112.908
  1678	-112.915
  1679	-113.022
  1680	-113.225
  1681	-113.511
  1682	-113.866
  1683	-114.275
  1684	-114.724
  1685	-115.193
  1686	-115.651
  1687	-116.06
  1688	-116.378
  1689	-116.57
  1690	-116.619
  1691	-116.531
  1692	-116.326
  1693	-116.042
  1694	-115.717
  1695	-115.386
  1696	-115.075
  1697	-114.799
  1698	-114.563
  1699	-114.361
  1700	-114.185
  1701	-114.024
  1702	-113.87
  1703	-113.728
  1704	-113.615
  1705	-113.56
  1706	-113.587
  1707	-113.706
  1708	-113.897
  1709	-114.116
  1710	-114.308
  1711	-114.429
  1712	-114.462
  1713	-114.421
  1714	-114.347
  1715	-114.294
  1716	-114.311
  1717	-114.431
  1718	-114.662
  1719	-114.986
  1720	-115.373
  1721	-115.786
  1722	-116.19
  1723	-116.556
  1724	-116.865
  1725	-117.117
  1726	-117.32
  1727	-117.492
  1728	-117.647
  1729	-117.785
  1730	-117.888
  1731	-117.924
  1732	-117.862
  1733	-117.683
  1734	-117.395
  1735	-117.03
  1736	-116.645
  1737	-116.3
  1738	-116.049
  1739	-115.93
  1740	-115.957
  1741	-116.126
  1742	-116.42
  1743	-116.81
  1744	-117.265
  1745	-117.753
  1746	-118.247
  1747	-118.732
  1748	-119.203
  1749	-119.668
  1750	-120.137
  1751	-120.617
  1752	-121.105
  1753	-121.584
  1754	-122.029
  1755	-122.406
  1756	-122.684
  1757	-122.841
  1758	-122.867
  1759	-122.773
  1760	-122.587
  1761	-122.349
  1762	-122.104
  1763	-121.894
  1764	-121.742
  1765	-121.657
  1766	-121.626
  1767	-121.625
  1768	-121.627
  1769	-121.606
  1770	-121.549
  1771	-121.458
  1772	-121.351
  1773	-121.257
  1774	-121.211
  1775	-121.244
  1776	-121.374
  1777	-121.596
  1778	-121.884
  1779	-122.199
  1780	-122.502
  1781	-122.766
  1782	-122.985
  1783	-123.172
  1784	-123.351
  1785	-123.547
  1786	-123.773
  1787	-124.021
  1788	-124.269
  1789	-124.483
  1790	-124.632
  1791	-124.687
  1792	-124.639
  1793	-124.492
  1794	-124.271
  1795	-124.015
  1796	-123.77
  1797	-123.577
  1798	-123.465
  1799	-123.44
  1800	-123.487
  1801	-123.581
  1802	-123.694
  1803	-123.804
  1804	-123.906
  1805	-124.005
  1806	-124.113
  1807	-124.239
  1808	-124.384
  1809	-124.536
  1810	-124.675
  1811	-124.779
  1812	-124.826
  1813	-124.795
  1814	-124.669
  1815	-124.433
  1816	-124.077
  1817	-123.602
  1818	-123.024
  1819	-122.369
  1820	-121.676
  1821	-120.981
  1822	-120.304
  1823	-119.647
  1824	-118.993
  1825	-118.317
  1826	-117.596
  1827	-116.827
  1828	-116.024
  1829	-115.222
  1830	-114.46
  1831	-113.772
  1832	-113.184
  1833	-112.703
  1834	-112.323
  1835	-112.025
  1836	-111.786
  1837	-111.575
  1838	-111.367
  1839	-111.151
  1840	-110.933
  1841	-110.741
  1842	-110.618
  1843	-110.61
  1844	-110.749
  1845	-111.037
  1846	-111.443
  1847	-111.906
  1848	-112.354
  1849	-112.723
  1850	-112.97
  1851	-113.079
  1852	-113.065
  1853	-112.96
  1854	-112.808
  1855	-112.643
  1856	-112.481
  1857	-112.31
  1858	-112.096
  1859	-111.786
  1860	-111.333
  1861	-110.705
  1862	-109.898
  1863	-108.941
  1864	-107.89
  1865	-106.822
  1866	-105.815
  1867	-104.931
  1868	-104.197
  1869	-103.602
  1870	-103.101
  1871	-102.636
  1872	-102.152
  1873	-101.617
  1874	-101.033
  1875	-100.439
  1876	-99.9012
  1877	-99.4957
  1878	-99.2779
  1879	-99.2626
  1880	-99.4129
  1881	-99.6525
  1882	-99.8912
  1883	-100.053
  1884	-100.097
  1885	-100.028
  1886	-99.8873
  1887	-99.7437
  1888	-99.6718
  1889	-99.7348
  1890	-99.9722
  1891	-100.394
  1892	-100.986
  1893	-101.711
  1894	-102.52
  1895	-103.366
  1896	-104.21
  1897	-105.031
  1898	-105.833
  1899	-106.64
  1900	-107.48
  1901	-108.37
  1902	-109.304
  1903	-110.246
  1904	-111.132
  1905	-111.887
  1906	-112.435
  1907	-112.724
  1908	-112.729
  1909	-112.46
  1910	-111.955
  1911	-111.27
  1912	-110.466
  1913	-109.599
  1914	-108.714
  1915	-107.833
  1916	-106.957
  1917	-106.075
  1918	-105.172
  1919	-104.24
  1920	-103.292
  1921	-102.362
  1922	-101.508
  1923	-100.804
  1924	-100.321
  1925	-100.107
  1926	-100.172
  1927	-100.48
  1928	-100.963
  1929	-101.536
  1930	-102.127
  1931	-102.688
  1932	-103.204
  1933	-103.681
  1934	-104.14
  1935	-104.599
  1936	-105.063
  1937	-105.519
  1938	-105.934
  1939	-106.271
  1940	-106.488
  1941	-106.552
  1942	-106.444
  1943	-106.161
  1944	-105.716
  1945	-105.137
  1946	-104.462
  1947	-103.734
  1948	-102.991
  1949	-102.251
  1950	-101.515
  1951	-100.768
  1952	-99.9895
  1953	-99.1706
  1954	-98.3199
  1955	-97.4683
  1956	-96.6584
  1957	-95.9301
  1958	-95.3073
  1959	-94.7925
  1960	-94.3672
  1961	-94.004
  1962	-93.6774
  1963	-93.3707
  1964	-93.0787
  1965	-92.8076
  1966	-92.5705
  1967	-92.3831
  1968	-92.2583
  1969	-92.2018
  1970	-92.2098
  1971	-92.2664
  1972	-92.3426
  1973	-92.4009
  1974	-92.4022
  1975	-92.3175
  1976	-92.1375
  1977	-91.8763
  1978	-91.5667
  1979	-91.248
  1980	-90.9526
  1981	-90.6996
  1982	-90.4917
  1983	-90.3207
  1984	-90.1728
  1985	-90.0329
  1986	-89.8892
  1987	-89.7369
  1988	-89.5827
  1989	-89.446
  1990	-89.3554
  1991	-89.3432
  1992	-89.4353
  1993	-89.643
  1994	-89.956
  1995	-90.343
  1996	-90.7574
  1997	-91.1491
  1998	-91.4746
  1999	-91.706
  2000	-91.8347
  2001	-91.8723
