     1	136.357
     2	136.733
     3	137.051
     4	137.332
     5	137.609
     6	137.91
     7	138.247
     8	138.605
     9	138.946
    10	139.226
    11	139.405
    12	139.471
    13	139.438
    14	139.351
    15	139.266
    16	139.235
    17	139.288
    18	139.42
    19	139.602
    20	139.787
    21	139.928
    22	139.994
    23	139.973
    24	139.876
    25	139.722
    26	139.534
    27	139.326
    28	139.104
    29	138.863
    30	138.596
    31	138.303
    32	137.998
    33	137.71
    34	137.48
    35	137.354
    36	137.374
    37	137.564
    38	137.927
    39	138.442
    40	139.074
    41	139.78
    42	140.52
    43	141.263
    44	141.988
    45	142.681
    46	143.328
    47	143.919
    48	144.443
    49	144.891
    50	145.262
    51	145.562
    52	145.808
    53	146.016
    54	146.205
    55	146.385
    56	146.556
    57	146.711
    58	146.841
    59	146.941
    60	147.015
    61	147.085
    62	147.182
    63	147.341
    64	147.594
    65	147.952
    66	148.406
    67	148.92
    68	149.449
    69	149.944
    70	150.372
    71	150.725
    72	151.019
    73	151.296
    74	151.599
    75	151.954
    76	152.357
    77	152.771
    78	153.134
    79	153.378
    80	153.454
    81	153.338
    82	153.041
    83	152.602
    84	152.073
    85	151.504
    86	150.926
    87	150.347
    88	149.749
    89	149.097
    90	148.36
    91	147.528
    92	146.62
    93	145.69
    94	144.813
    95	144.071
    96	143.526
    97	143.205
    98	143.089
    99	143.132
   100	143.27
   101	143.449
   102	143.633
   103	143.808
   104	143.982
   105	144.178
   106	144.42
   107	144.729
   108	145.118
   109	145.586
   110	146.125
   111	146.72
   112	147.357
   113	148.02
   114	148.694
   115	149.361
   116	149.998
   117	150.577
   118	151.07
   119	151.454
   120	151.719
   121	151.869
   122	151.921
   123	151.896
   124	151.808
   125	151.66
   126	151.44
   127	151.126
   128	150.702
   129	150.164
   130	149.534
   131	148.856
   132	148.189
   133	147.591
   134	147.1
   135	146.724
   136	146.437
   137	146.19
   138	145.935
   139	145.633
   140	145.273
   141	144.872
   142	144.471
   143	144.122
   144	143.868
   145	143.735
   146	143.715
   147	143.778
   148	143.876
   149	143.972
   150	144.05
   151	144.127
   152	144.256
   153	144.505
   154	144.932
   155	145.558
   156	146.348
   157	147.217
   158	148.055
   159	148.757
   160	149.247
   161	149.495
   162	149.516
   163	149.358
   164	149.085
   165	148.752
   166	148.393
   167	148.007
   168	147.566
   169	147.029
   170	146.358
   171	145.54
   172	144.596
   173	143.58
   174	142.573
   175	141.664
   176	140.929
   177	140.418
   178	140.135
   179	140.051
   180	140.11
   181	140.253
   182	140.433
   183	140.623
   184	140.817
   185	141.024
   186	141.259
   187	141.542
   188	141.889
   189	142.315
   190	142.83
   191	143.436
   192	144.132
   193	144.899
   194	145.706
   195	146.516
   196	147.287
   197	147.982
   198	148.578
   199	149.07
   200	149.472
   201	149.806
   202	150.097
   203	150.358
   204	150.588
   205	150.768
   206	150.873
   207	150.879
   208	150.778
   209	150.58
   210	150.326
   211	150.072
   212	149.889
   213	149.835
   214	149.945
   215	150.218
   216	150.616
   217	151.074
   218	151.524
   219	151.912
   220	152.215
   221	152.445
   222	152.643
   223	152.86
   224	153.133
   225	153.472
   226	153.853
   227	154.222
   228	154.518
   229	154.691
   230	154.72
   231	154.623
   232	154.45
   233	154.267
   234	154.139
   235	154.1
   236	154.148
   237	154.244
   238	154.323
   239	154.325
   240	154.208
   241	153.963
   242	153.619
   243	153.226
   244	152.839
   245	152.503
   246	152.233
   247	152.019
   248	151.826
   249	151.618
   250	151.37
   251	151.083
   252	150.783
   253	150.516
   254	150.333
   255	150.276
   256	150.362
   257	150.581
   258	150.898
   259	151.261
   260	151.616
   261	151.922
   262	152.153
   263	152.299
   264	152.365
   265	152.356
   266	152.277
   267	152.127
   268	151.901
   269	151.603
   270	151.244
   271	150.846
   272	150.438
   273	150.043
   274	149.677
   275	149.339
   276	149.021
   277	148.707
   278	148.39
   279	148.068
   280	147.755
   281	147.473
   282	147.241
   283	147.071
   284	146.963
   285	146.898
   286	146.853
   287	146.804
   288	146.741
   289	146.674
   290	146.636
   291	146.678
   292	146.853
   293	147.203
   294	147.738
   295	148.435
   296	149.237
   297	150.074
   298	150.875
   299	151.588
   300	152.192
   301	152.699
   302	153.137
   303	153.538
   304	153.919
   305	154.275
   306	154.576
   307	154.779
   308	154.848
   309	154.765
   310	154.553
   311	154.267
   312	153.986
   313	153.79
   314	153.737
   315	153.847
   316	154.1
   317	154.442
   318	154.808
   319	155.139
   320	155.399
   321	155.577
   322	155.684
   323	155.74
   324	155.763
   325	155.756
   326	155.707
   327	155.592
   328	155.383
   329	155.062
   330	154.628
   331	154.105
   332	153.534
   333	152.966
   334	152.447
   335	152.013
   336	151.68
   337	151.45
   338	151.316
   339	151.27
   340	151.307
   341	151.426
   342	151.626
   343	151.9
   344	152.229
   345	152.58
   346	152.918
   347	153.207
   348	153.431
   349	153.595
   350	153.725
   351	153.865
   352	154.057
   353	154.336
   354	154.714
   355	155.186
   356	155.73
   357	156.322
   358	156.946
   359	157.601
   360	158.3
   361	159.069
   362	159.93
   363	160.891
   364	161.938
   365	163.028
   366	164.096
   367	165.078
   368	165.921
   369	166.597
   370	167.119
   371	167.534
   372	167.902
   373	168.278
   374	168.685
   375	169.106
   376	169.495
   377	169.795
   378	169.966
   379	169.999
   380	169.915
   381	169.76
   382	169.586
   383	169.432
   384	169.31
   385	169.199
   386	169.051
   387	168.807
   388	168.42
   389	167.866
   390	167.159
   391	166.349
   392	165.517
   393	164.749
   394	164.117
   395	163.661
   396	163.377
   397	163.228
   398	163.16
   399	163.129
   400	163.116
   401	163.132
   402	163.211
   403	163.389
   404	163.686
   405	164.093
   406	164.572
   407	165.063
   408	165.502
   409	165.838
   410	166.04
   411	166.104
   412	166.042
   413	165.874
   414	165.621
   415	165.3
   416	164.921
   417	164.489
   418	164.015
   419	163.513
   420	163.008
   421	162.532
   422	162.112
   423	161.766
   424	161.496
   425	161.285
   426	161.109
   427	160.943
   428	160.776
   429	160.621
   430	160.507
   431	160.473
   432	160.554
   433	160.761
   434	161.082
   435	161.479
   436	161.905
   437	162.321
   438	162.706
   439	163.065
   440	163.421
   441	163.806
   442	164.244
   443	164.74
   444	165.27
   445	165.79
   446	166.245
   447	166.584
   448	166.779
   449	166.835
   450	166.783
   451	166.674
   452	166.56
   453	166.47
   454	166.408
   455	166.35
   456	166.265
   457	166.125
   458	165.927
   459	165.691
   460	165.454
   461	165.262
   462	165.148
   463	165.123
   464	165.175
   465	165.268
   466	165.361
   467	165.417
   468	165.422
   469	165.391
   470	165.361
   471	165.384
   472	165.502
   473	165.731
   474	166.051
   475	166.408
   476	166.737
   477	166.981
   478	167.113
   479	167.138
   480	167.091
   481	167.014
   482	166.941
   483	166.876
   484	166.794
   485	166.643
   486	166.363
   487	165.907
   488	165.253
   489	164.411
   490	163.424
   491	162.348
   492	161.239
   493	160.133
   494	159.035
   495	157.924
   496	156.761
   497	155.508
   498	154.15
   499	152.698
   500	151.199
   501	149.719
   502	148.33
   503	147.088
   504	146.017
   505	145.11
   506	144.335
   507	143.662
   508	143.082
   509	142.618
   510	142.326
   511	142.275
   512	142.519
   513	143.073
   514	143.898
   515	144.91
   516	145.999
   517	147.06
   518	148.012
   519	148.813
   520	149.453
   521	149.948
   522	150.321
   523	150.593
   524	150.772
   525	150.85
   526	150.812
   527	150.641
   528	150.334
   529	149.91
   530	149.41
   531	148.893
   532	148.422
   533	148.049
   534	147.807
   535	147.702
   536	147.716
   537	147.822
   538	147.992
   539	148.205
   540	148.452
   541	148.728
   542	149.026
   543	149.333
   544	149.632
   545	149.9
   546	150.121
   547	150.289
   548	150.418
   549	150.536
   550	150.679
   551	150.884
   552	151.17
   553	151.529
   554	151.928
   555	152.317
   556	152.646
   557	152.879
   558	153.007
   559	153.049
   560	153.042
   561	153.026
   562	153.024
   563	153.034
   564	153.027
   565	152.954
   566	152.766
   567	152.433
   568	151.953
   569	151.361
   570	150.714
   571	150.078
   572	149.507
   573	149.023
   574	148.61
   575	148.222
   576	147.803
   577	147.301
   578	146.692
   579	145.981
   580	145.203
   581	144.41
   582	143.65
   583	142.951
   584	142.313
   585	141.705
   586	141.081
   587	140.401
   588	139.652
   589	138.852
   590	138.057
   591	137.342
   592	136.779
   593	136.417
   594	136.265
   595	136.29
   596	136.432
   597	136.625
   598	136.81
   599	136.954
   600	137.048
   601	137.103
   602	137.14
   603	137.18
   604	137.233
   605	137.293
   606	137.345
   607	137.368
   608	137.35
   609	137.294
   610	137.223
   611	137.173
   612	137.182
   613	137.276
   614	137.461
   615	137.721
   616	138.02
   617	138.317
   618	138.577
   619	138.778
   620	138.912
   621	138.981
   622	138.985
   623	138.92
   624	138.775
   625	138.534
   626	138.181
   627	137.717
   628	137.154
   629	136.525
   630	135.87
   631	135.229
   632	134.629
   633	134.081
   634	133.58
   635	133.116
   636	132.684
   637	132.289
   638	131.951
   639	131.699
   640	131.563
   641	131.561
   642	131.688
   643	131.916
   644	132.201
   645	132.492
   646	132.751
   647	132.96
   648	133.136
   649	133.319
   650	133.566
   651	133.93
   652	134.434
   653	135.063
   654	135.763
   655	136.46
   656	137.079
   657	137.57
   658	137.918
   659	138.146
   660	138.301
   661	138.437
   662	138.596
   663	138.787
   664	138.982
   665	139.131
   666	139.177
   667	139.08
   668	138.833
   669	138.463
   670	138.028
   671	137.602
   672	137.254
   673	137.03
   674	136.939
   675	136.954
   676	137.031
   677	137.117
   678	137.173
   679	137.182
   680	137.155
   681	137.122
   682	137.12
   683	137.174
   684	137.29
   685	137.451
   686	137.623
   687	137.771
   688	137.875
   689	137.94
   690	137.99
   691	138.068
   692	138.211
   693	138.441
   694	138.758
   695	139.138
   696	139.545
   697	139.947
   698	140.321
   699	140.66
   700	140.964
   701	141.235
   702	141.472
   703	141.669
   704	141.812
   705	141.89
   706	141.893
   707	141.823
   708	141.692
   709	141.523
   710	141.347
   711	141.194
   712	141.085
   713	141.025
   714	141
   715	140.99
   716	140.969
   717	140.926
   718	140.868
   719	140.823
   720	140.832
   721	140.936
   722	141.155
   723	141.476
   724	141.854
   725	142.219
   726	142.502
   727	142.651
   728	142.646
   729	142.503
   730	142.271
   731	142.006
   732	141.758
   733	141.543
   734	141.348
   735	141.127
   736	140.829
   737	140.413
   738	139.869
   739	139.216
   740	138.505
   741	137.8
   742	137.162
   743	136.634
   744	136.235
   745	135.954
   746	135.763
   747	135.63
   748	135.537
   749	135.48
   750	135.479
   751	135.56
   752	135.747
   753	136.04
   754	136.414
   755	136.82
   756	137.198
   757	137.498
   758	137.691
   759	137.78
   760	137.788
   761	137.75
   762	137.7
   763	137.659
   764	137.632
   765	137.615
   766	137.6
   767	137.584
   768	137.577
   769	137.597
   770	137.668
   771	137.805
   772	138.012
   773	138.282
   774	138.591
   775	138.912
   776	139.22
   777	139.498
   778	139.741
   779	139.955
   780	140.149
   781	140.334
   782	140.513
   783	140.677
   784	140.813
   785	140.906
   786	140.946
   787	140.936
   788	140.891
   789	140.829
   790	140.77
   791	140.717
   792	140.659
   793	140.567
   794	140.408
   795	140.151
   796	139.787
   797	139.326
   798	138.803
   799	138.272
   800	137.783
   801	137.377
   802	137.067
   803	136.838
   804	136.659
   805	136.496
   806	136.334
   807	136.183
   808	136.083
   809	136.086
   810	136.24
   811	136.561
   812	137.023
   813	137.565
   814	138.099
   815	138.54
   816	138.828
   817	138.933
   818	138.865
   819	138.66
   820	138.369
   821	138.036
   822	137.689
   823	137.329
   824	136.935
   825	136.478
   826	135.938
   827	135.318
   828	134.651
   829	133.995
   830	133.424
   831	133.005
   832	132.781
   833	132.751
   834	132.873
   835	133.077
   836	133.282
   837	133.424
   838	133.471
   839	133.424
   840	133.314
   841	133.182
   842	133.062
   843	132.967
   844	132.886
   845	132.789
   846	132.643
   847	132.43
   848	132.152
   849	131.835
   850	131.517
   851	131.234
   852	131.009
   853	130.844
   854	130.718
   855	130.604
   856	130.472
   857	130.307
   858	130.112
   859	129.908
   860	129.731
   861	129.617
   862	129.597
   863	129.69
   864	129.897
   865	130.211
   866	130.615
   867	131.098
   868	131.651
   869	132.272
   870	132.958
   871	133.702
   872	134.481
   873	135.26
   874	135.993
   875	136.632
   876	137.138
   877	137.487
   878	137.675
   879	137.711
   880	137.615
   881	137.407
   882	137.101
   883	136.703
   884	136.212
   885	135.63
   886	134.969
   887	134.264
   888	133.569
   889	132.948
   890	132.466
   891	132.166
   892	132.059
   893	132.123
   894	132.309
   895	132.561
   896	132.829
   897	133.084
   898	133.314
   899	133.524
   900	133.721
   901	133.911
   902	134.088
   903	134.238
   904	134.336
   905	134.362
   906	134.302
   907	134.156
   908	133.948
   909	133.716
   910	133.511
   911	133.377
   912	133.336
   913	133.375
   914	133.453
   915	133.511
   916	133.493
   917	133.365
   918	133.12
   919	132.781
   920	132.383
   921	131.962
   922	131.538
   923	131.111
   924	130.662
   925	130.165
   926	129.601
   927	128.968
   928	128.285
   929	127.588
   930	126.921
   931	126.329
   932	125.843
   933	125.48
   934	125.241
   935	125.115
   936	125.085
   937	125.136
   938	125.26
   939	125.456
   940	125.728
   941	126.076
   942	126.493
   943	126.963
   944	127.462
   945	127.964
   946	128.449
   947	128.915
   948	129.368
   949	129.828
   950	130.311
   951	130.819
   952	131.338
   953	131.833
   954	132.259
   955	132.576
   956	132.757
   957	132.795
   958	132.703
   959	132.509
   960	132.238
   961	131.906
   962	131.513
   963	131.042
   964	130.474
   965	129.795
   966	129.013
   967	128.168
   968	127.323
   969	126.556
   970	125.943
   971	125.537
   972	125.355
   973	125.377
   974	125.556
   975	125.835
   976	126.165
   977	126.523
   978	126.906
   979	127.336
   980	127.834
   981	128.409
   982	129.045
   983	129.697
   984	130.304
   985	130.805
   986	131.158
   987	131.351
   988	131.406
   989	131.369
   990	131.293
   991	131.22
   992	131.171
   993	131.142
   994	131.107
   995	131.039
   996	130.915
   997	130.731
   998	130.505
   999	130.27
  1000	130.072
  1001	129.952
  1002	129.94
  1003	130.048
  1004	130.27
  1005	130.583
  1006	130.964
  1007	131.393
  1008	131.864
  1009	132.383
  1010	132.961
  1011	133.608
  1012	134.323
  1013	135.09
  1014	135.88
  1015	136.659
  1016	137.4
  1017	138.084
  1018	138.711
  1019	139.286
  1020	139.819
  1021	140.312
  1022	140.751
  1023	141.113
  1024	141.367
  1025	141.486
  1026	141.459
  1027	141.296
  1028	141.024
  1029	140.68
  1030	140.3
  1031	139.902
  1032	139.487
  1033	139.039
  1034	138.538
  1035	137.967
  1036	137.332
  1037	136.655
  1038	135.98
  1039	135.361
  1040	134.844
  1041	134.463
  1042	134.224
  1043	134.114
  1044	134.108
  1045	134.179
  1046	134.315
  1047	134.523
  1048	134.828
  1049	135.261
  1050	135.843
  1051	136.573
  1052	137.421
  1053	138.33
  1054	139.232
  1055	140.064
  1056	140.785
  1057	141.385
  1058	141.881
  1059	142.309
  1060	142.708
  1061	143.104
  1062	143.501
  1063	143.883
  1064	144.219
  1065	144.479
  1066	144.642
  1067	144.706
  1068	144.688
  1069	144.62
  1070	144.536
  1071	144.461
  1072	144.398
  1073	144.334
  1074	144.238
  1075	144.077
  1076	143.828
  1077	143.484
  1078	143.06
  1079	142.587
  1080	142.107
  1081	141.661
  1082	141.282
  1083	140.987
  1084	140.778
  1085	140.648
  1086	140.583
  1087	140.576
  1088	140.623
  1089	140.729
  1090	140.897
  1091	141.126
  1092	141.403
  1093	141.704
  1094	141.997
  1095	142.25
  1096	142.442
  1097	142.563
  1098	142.624
  1099	142.642
  1100	142.641
  1101	142.639
  1102	142.648
  1103	142.67
  1104	142.705
  1105	142.754
  1106	142.822
  1107	142.918
  1108	143.05
  1109	143.224
  1110	143.431
  1111	143.649
  1112	143.843
  1113	143.974
  1114	144.005
  1115	143.912
  1116	143.691
  1117	143.351
  1118	142.92
  1119	142.429
  1120	141.908
  1121	141.378
  1122	140.849
  1123	140.319
  1124	139.782
  1125	139.239
  1126	138.699
  1127	138.192
  1128	137.757
  1129	137.441
  1130	137.279
  1131	137.282
  1132	137.428
  1133	137.665
  1134	137.926
  1135	138.145
  1136	138.271
  1137	138.281
  1138	138.18
  1139	137.993
  1140	137.754
  1141	137.494
  1142	137.233
  1143	136.979
  1144	136.731
  1145	136.488
  1146	136.255
  1147	136.047
  1148	135.882
  1149	135.783
  1150	135.76
  1151	135.815
  1152	135.932
  1153	136.081
  1154	136.227
  1155	136.333
  1156	136.373
  1157	136.331
  1158	136.211
  1159	136.028
  1160	135.812
  1161	135.593
  1162	135.404
  1163	135.265
  1164	135.189
  1165	135.184
  1166	135.253
  1167	135.396
  1168	135.616
  1169	135.914
  1170	136.281
  1171	136.698
  1172	137.133
  1173	137.547
  1174	137.906
  1175	138.185
  1176	138.376
  1177	138.482
  1178	138.516
  1179	138.493
  1180	138.419
  1181	138.296
  1182	138.124
  1183	137.905
  1184	137.648
  1185	137.381
  1186	137.142
  1187	136.979
  1188	136.938
  1189	137.052
  1190	137.334
  1191	137.774
  1192	138.338
  1193	138.976
  1194	139.636
  1195	140.27
  1196	140.848
  1197	141.356
  1198	141.8
  1199	142.197
  1200	142.564
  1201	142.914
  1202	143.248
  1203	143.554
  1204	143.816
  1205	144.019
  1206	144.158
  1207	144.245
  1208	144.304
  1209	144.367
  1210	144.462
  1211	144.605
  1212	144.79
  1213	144.995
  1214	145.18
  1215	145.305
  1216	145.331
  1217	145.234
  1218	145.003
  1219	144.647
  1220	144.187
  1221	143.657
  1222	143.093
  1223	142.53
  1224	141.996
  1225	141.509
  1226	141.08
  1227	140.716
  1228	140.421
  1229	140.196
  1230	140.045
  1231	139.972
  1232	139.985
  1233	140.09
  1234	140.297
  1235	140.607
  1236	141.017
  1237	141.509
  1238	142.05
  1239	142.593
  1240	143.09
  1241	143.503
  1242	143.81
  1243	144.015
  1244	144.146
  1245	144.246
  1246	144.368
  1247	144.554
  1248	144.822
  1249	145.164
  1250	145.546
  1251	145.921
  1252	146.243
  1253	146.48
  1254	146.624
  1255	146.69
  1256	146.714
  1257	146.736
  1258	146.788
  1259	146.875
  1260	146.972
  1261	147.032
  1262	146.997
  1263	146.822
  1264	146.489
  1265	146.017
  1266	145.462
  1267	144.904
  1268	144.43
  1269	144.11
  1270	143.975
  1271	144.009
  1272	144.161
  1273	144.363
  1274	144.552
  1275	144.69
  1276	144.771
  1277	144.817
  1278	144.868
  1279	144.965
  1280	145.13
  1281	145.356
  1282	145.612
  1283	145.852
  1284	146.03
  1285	146.115
  1286	146.105
  1287	146.021
  1288	145.907
  1289	145.813
  1290	145.786
  1291	145.858
  1292	146.036
  1293	146.31
  1294	146.653
  1295	147.033
  1296	147.423
  1297	147.802
  1298	148.163
  1299	148.507
  1300	148.838
  1301	149.156
  1302	149.454
  1303	149.716
  1304	149.913
  1305	150.015
  1306	149.994
  1307	149.828
  1308	149.505
  1309	149.028
  1310	148.406
  1311	147.656
  1312	146.802
  1313	145.869
  1314	144.884
  1315	143.874
  1316	142.863
  1317	141.87
  1318	140.903
  1319	139.962
  1320	139.045
  1321	138.154
  1322	137.298
  1323	136.496
  1324	135.78
  1325	135.18
  1326	134.72
  1327	134.408
  1328	134.232
  1329	134.164
  1330	134.167
  1331	134.203
  1332	134.241
  1333	134.26
  1334	134.255
  1335	134.232
  1336	134.206
  1337	134.195
  1338	134.21
  1339	134.247
  1340	134.288
  1341	134.303
  1342	134.258
  1343	134.128
  1344	133.902
  1345	133.591
  1346	133.222
  1347	132.831
  1348	132.448
  1349	132.093
  1350	131.763
  1351	131.44
  1352	131.1
  1353	130.724
  1354	130.311
  1355	129.88
  1356	129.463
  1357	129.102
  1358	128.834
  1359	128.684
  1360	128.66
  1361	128.757
  1362	128.961
  1363	129.257
  1364	129.633
  1365	130.082
  1366	130.597
  1367	131.166
  1368	131.771
  1369	132.388
  1370	132.989
  1371	133.546
  1372	134.034
  1373	134.439
  1374	134.759
  1375	134.997
  1376	135.166
  1377	135.279
  1378	135.349
  1379	135.378
  1380	135.361
  1381	135.288
  1382	135.151
  1383	134.945
  1384	134.682
  1385	134.381
  1386	134.063
  1387	133.743
  1388	133.423
  1389	133.085
  1390	132.7
  1391	132.237
  1392	131.677
  1393	131.016
  1394	130.268
  1395	129.463
  1396	128.641
  1397	127.838
  1398	127.083
  1399	126.39
  1400	125.762
  1401	125.195
  1402	124.689
  1403	124.253
  1404	123.906
  1405	123.679
  1406	123.605
  1407	123.708
  1408	123.993
  1409	124.442
  1410	125.013
  1411	125.65
  1412	126.299
  1413	126.913
  1414	127.471
  1415	127.967
  1416	128.41
  1417	128.817
  1418	129.195
  1419	129.544
  1420	129.847
  1421	130.082
  1422	130.224
  1423	130.257
  1424	130.175
  1425	129.987
  1426	129.712
  1427	129.37
  1428	128.982
  1429	128.565
  1430	128.124
  1431	127.664
  1432	127.182
  1433	126.68
  1434	126.162
  1435	125.641
  1436	125.138
  1437	124.679
  1438	124.295
  1439	124.012
  1440	123.852
  1441	123.826
  1442	123.936
  1443	124.171
  1444	124.516
  1445	124.947
  1446	125.438
  1447	125.963
  1448	126.494
  1449	127.008
  1450	127.478
  1451	127.887
  1452	128.223
  1453	128.49
  1454	128.7
  1455	128.873
  1456	129.029
  1457	129.179
  1458	129.321
  1459	129.443
  1460	129.529
  1461	129.572
  1462	129.576
  1463	129.562
  1464	129.561
  1465	129.603
  1466	129.706
  1467	129.866
  1468	130.06
  1469	130.253
  1470	130.412
  1471	130.516
  1472	130.563
  1473	130.565
  1474	130.548
  1475	130.541
  1476	130.572
  1477	130.656
  1478	130.793
  1479	130.969
  1480	131.157
  1481	131.327
  1482	131.455
  1483	131.531
  1484	131.563
  1485	131.573
  1486	131.585
  1487	131.618
  1488	131.666
  1489	131.706
  1490	131.693
  1491	131.585
  1492	131.353
  1493	130.995
  1494	130.538
  1495	130.032
  1496	129.537
  1497	129.108
  1498	128.779
  1499	128.564
  1500	128.457
  1501	128.447
  1502	128.519
  1503	128.67
  1504	128.9
  1505	129.216
  1506	129.622
  1507	130.114
  1508	130.678
  1509	131.287
  1510	131.91
  1511	132.513
  1512	133.07
  1513	133.559
  1514	133.971
  1515	134.305
  1516	134.565
  1517	134.759
  1518	134.89
  1519	134.955
  1520	134.944
  1521	134.843
  1522	134.646
  1523	134.355
  1524	133.989
  1525	133.577
  1526	133.15
  1527	132.733
  1528	132.334
  1529	131.946
  1530	131.552
  1531	131.133
  1532	130.687
  1533	130.231
  1534	129.803
  1535	129.456
  1536	129.242
  1537	129.199
  1538	129.338
  1539	129.648
  1540	130.099
  1541	130.658
  1542	131.301
  1543	132.021
  1544	132.826
  1545	133.735
  1546	134.758
  1547	135.889
  1548	137.099
  1549	138.343
  1550	139.56
  1551	140.696
  1552	141.711
  1553	142.596
  1554	143.369
  1555	144.064
  1556	144.718
  1557	145.356
  1558	145.979
  1559	146.565
  1560	147.073
  1561	147.462
  1562	147.706
  1563	147.805
  1564	147.787
  1565	147.7
  1566	147.595
  1567	147.51
  1568	147.452
  1569	147.401
  1570	147.313
  1571	147.142
  1572	146.855
  1573	146.443
  1574	145.929
  1575	145.356
  1576	144.777
  1577	144.242
  1578	143.783
  1579	143.411
  1580	143.113
  1581	142.865
  1582	142.638
  1583	142.416
  1584	142.202
  1585	142.02
  1586	141.909
  1587	141.906
  1588	142.032
  1589	142.284
  1590	142.634
  1591	143.039
  1592	143.458
  1593	143.869
  1594	144.271
  1595	144.688
  1596	145.152
  1597	145.687
  1598	146.297
  1599	146.955
  1600	147.617
  1601	148.232
  1602	148.755
  1603	149.163
  1604	149.45
  1605	149.629
  1606	149.722
  1607	149.746
  1608	149.711
  1609	149.613
  1610	149.437
  1611	149.166
  1612	148.793
  1613	148.322
  1614	147.783
  1615	147.218
  1616	146.679
  1617	146.212
  1618	145.846
  1619	145.587
  1620	145.419
  1621	145.312
  1622	145.236
  1623	145.17
  1624	145.109
  1625	145.062
  1626	145.045
  1627	145.069
  1628	145.129
  1629	145.2
  1630	145.241
  1631	145.208
  1632	145.073
  1633	144.83
  1634	144.508
  1635	144.158
  1636	143.84
  1637	143.603
  1638	143.468
  1639	143.42
  1640	143.423
  1641	143.43
  1642	143.406
  1643	143.338
  1644	143.24
  1645	143.142
  1646	143.078
  1647	143.076
  1648	143.148
  1649	143.285
  1650	143.462
  1651	143.649
  1652	143.819
  1653	143.957
  1654	144.069
  1655	144.171
  1656	144.293
  1657	144.459
  1658	144.681
  1659	144.949
  1660	145.23
  1661	145.477
  1662	145.645
  1663	145.701
  1664	145.636
  1665	145.459
  1666	145.192
  1667	144.855
  1668	144.457
  1669	143.991
  1670	143.441
  1671	142.795
  1672	142.058
  1673	141.262
  1674	140.466
  1675	139.741
  1676	139.149
  1677	138.733
  1678	138.498
  1679	138.421
  1680	138.465
  1681	138.592
  1682	138.774
  1683	139
  1684	139.265
  1685	139.566
  1686	139.892
  1687	140.219
  1688	140.512
  1689	140.729
  1690	140.836
  1691	140.809
  1692	140.652
  1693	140.393
  1694	140.087
  1695	139.799
  1696	139.592
  1697	139.501
  1698	139.531
  1699	139.651
  1700	139.815
  1701	139.976
  1702	140.11
  1703	140.222
  1704	140.347
  1705	140.529
  1706	140.799
  1707	141.158
  1708	141.569
  1709	141.959
  1710	142.247
  1711	142.365
  1712	142.279
  1713	141.998
  1714	141.57
  1715	141.071
  1716	140.579
  1717	140.152
  1718	139.815
  1719	139.551
  1720	139.324
  1721	139.09
  1722	138.82
  1723	138.51
  1724	138.186
  1725	137.889
  1726	137.669
  1727	137.558
  1728	137.561
  1729	137.65
  1730	137.77
  1731	137.853
  1732	137.841
  1733	137.703
  1734	137.443
  1735	137.104
  1736	136.753
  1737	136.46
  1738	136.28
  1739	136.234
  1740	136.306
  1741	136.452
  1742	136.623
  1743	136.781
  1744	136.907
  1745	136.999
  1746	137.064
  1747	137.109
  1748	137.128
  1749	137.11
  1750	137.032
  1751	136.877
  1752	136.633
  1753	136.301
  1754	135.892
  1755	135.422
  1756	134.907
  1757	134.368
  1758	133.827
  1759	133.308
  1760	132.841
  1761	132.46
  1762	132.198
  1763	132.085
  1764	132.142
  1765	132.376
  1766	132.77
  1767	133.291
  1768	133.885
  1769	134.494
  1770	135.064
  1771	135.561
  1772	135.972
  1773	136.308
  1774	136.597
  1775	136.866
  1776	137.13
  1777	137.376
  1778	137.57
  1779	137.663
  1780	137.611
  1781	137.388
  1782	137.003
  1783	136.497
  1784	135.938
  1785	135.406
  1786	134.967
  1787	134.656
  1788	134.47
  1789	134.369
  1790	134.298
  1791	134.206
  1792	134.066
  1793	133.877
  1794	133.665
  1795	133.47
  1796	133.327
  1797	133.25
  1798	133.23
  1799	133.236
  1800	133.222
  1801	133.151
  1802	132.994
  1803	132.742
  1804	132.405
  1805	132.003
  1806	131.563
  1807	131.107
  1808	130.651
  1809	130.198
  1810	129.739
  1811	129.257
  1812	128.736
  1813	128.173
  1814	127.58
  1815	126.984
  1816	126.421
  1817	125.921
  1818	125.499
  1819	125.145
  1820	124.835
  1821	124.535
  1822	124.22
  1823	123.88
  1824	123.522
  1825	123.16
  1826	122.801
  1827	122.443
  1828	122.071
  1829	121.668
  1830	121.222
  1831	120.739
  1832	120.24
  1833	119.758
  1834	119.323
  1835	118.954
  1836	118.646
  1837	118.382
  1838	118.13
  1839	117.869
  1840	117.59
  1841	117.315
  1842	117.088
  1843	116.966
  1844	117.005
  1845	117.242
  1846	117.677
  1847	118.278
  1848	118.978
  1849	119.701
  1850	120.376
  1851	120.962
  1852	121.45
  1853	121.873
  1854	122.285
  1855	122.737
  1856	123.254
  1857	123.817
  1858	124.363
  1859	124.802
  1860	125.046
  1861	125.035
  1862	124.756
  1863	124.247
  1864	123.588
  1865	122.884
  1866	122.235
  1867	121.709
  1868	121.327
  1869	121.062
  1870	120.856
  1871	120.646
  1872	120.388
  1873	120.075
  1874	119.739
  1875	119.446
  1876	119.272
  1877	119.285
  1878	119.519
  1879	119.962
  1880	120.554
  1881	121.21
  1882	121.845
  1883	122.395
  1884	122.837
  1885	123.188
  1886	123.495
  1887	123.814
  1888	124.192
  1889	124.649
  1890	125.176
  1891	125.739
  1892	126.298
  1893	126.815
  1894	127.264
  1895	127.637
  1896	127.934
  1897	128.158
  1898	128.312
  1899	128.397
  1900	128.414
  1901	128.37
  1902	128.279
  1903	128.159
  1904	128.027
  1905	127.89
  1906	127.746
  1907	127.582
  1908	127.386
  1909	127.151
  1910	126.887
  1911	126.623
  1912	126.404
  1913	126.283
  1914	126.303
  1915	126.488
  1916	126.828
  1917	127.288
  1918	127.809
  1919	128.325
  1920	128.785
  1921	129.161
  1922	129.459
  1923	129.713
  1924	129.977
  1925	130.298
  1926	130.697
  1927	131.154
  1928	131.611
  1929	131.993
  1930	132.227
  1931	132.268
  1932	132.112
  1933	131.8
  1934	131.4
  1935	130.991
  1936	130.634
  1937	130.353
  1938	130.129
  1939	129.91
  1940	129.631
  1941	129.238
  1942	128.709
  1943	128.06
  1944	127.339
  1945	126.62
  1946	125.975
  1947	125.459
  1948	125.093
  1949	124.863
  1950	124.732
  1951	124.657
  1952	124.608
  1953	124.58
  1954	124.592
  1955	124.68
  1956	124.876
  1957	125.199
  1958	125.638
  1959	126.157
  1960	126.701
  1961	127.212
  1962	127.64
  1963	127.961
  1964	128.171
  1965	128.285
  1966	128.324
  1967	128.306
  1968	128.239
  1969	128.118
  1970	127.934
  1971	127.686
  1972	127.383
  1973	127.051
  1974	126.726
  1975	126.449
  1976	126.249
  1977	126.142
  1978	126.128
  1979	126.192
  1980	126.314
  1981	126.475
  1982	126.664
  1983	126.875
  1984	127.107
  1985	127.354
  1986	127.608
  1987	127.852
  1988	128.065
  1989	128.228
  1990	128.335
  1991	128.391
  1992	128.418
  1993	128.451
  1994	128.525
  1995	128.67
  1996	128.893
  1997	129.184
  1998	129.512
  1999	129.84
  2000	130.14
  2001	130.405
