     1	136.206
     2	136.108
     3	135.924
     4	135.644
     5	135.27
     6	134.812
     7	134.291
     8	133.728
     9	133.146
    10	132.563
    11	131.994
    12	131.457
    13	130.97
    14	130.557
    15	130.238
    16	130.033
    17	129.95
    18	129.99
    19	130.138
    20	130.375
    21	130.674
    22	131.007
    23	131.35
    24	131.686
    25	132.002
    26	132.289
    27	132.545
    28	132.769
    29	132.961
    30	133.123
    31	133.253
    32	133.351
    33	133.42
    34	133.468
    35	133.507
    36	133.551
    37	133.612
    38	133.694
    39	133.791
    40	133.883
    41	133.944
    42	133.943
    43	133.855
    44	133.666
    45	133.373
    46	132.986
    47	132.523
    48	132.005
    49	131.454
    50	130.891
    51	130.334
    52	129.801
    53	129.311
    54	128.887
    55	128.549
    56	128.315
    57	128.195
    58	128.192
    59	128.299
    60	128.504
    61	128.793
    62	129.154
    63	129.574
    64	130.041
    65	130.544
    66	131.066
    67	131.594
    68	132.112
    69	132.615
    70	133.097
    71	133.556
    72	133.993
    73	134.406
    74	134.791
    75	135.148
    76	135.475
    77	135.775
    78	136.043
    79	136.271
    80	136.453
    81	136.583
    82	136.672
    83	136.742
    84	136.826
    85	136.957
    86	137.157
    87	137.427
    88	137.743
    89	138.068
    90	138.362
    91	138.594
    92	138.752
    93	138.844
    94	138.896
    95	138.942
    96	139.019
    97	139.152
    98	139.357
    99	139.631
   100	139.962
   101	140.326
   102	140.701
   103	141.069
   104	141.42
   105	141.758
   106	142.093
   107	142.439
   108	142.802
   109	143.176
   110	143.539
   111	143.855
   112	144.087
   113	144.203
   114	144.183
   115	144.029
   116	143.754
   117	143.385
   118	142.951
   119	142.476
   120	141.979
   121	141.474
   122	140.969
   123	140.474
   124	140.001
   125	139.562
   126	139.168
   127	138.825
   128	138.537
   129	138.301
   130	138.115
   131	137.978
   132	137.89
   133	137.855
   134	137.881
   135	137.969
   136	138.117
   137	138.313
   138	138.536
   139	138.762
   140	138.965
   141	139.125
   142	139.232
   143	139.287
   144	139.304
   145	139.299
   146	139.293
   147	139.299
   148	139.319
   149	139.344
   150	139.358
   151	139.342
   152	139.282
   153	139.173
   154	139.02
   155	138.837
   156	138.639
   157	138.439
   158	138.241
   159	138.04
   160	137.823
   161	137.578
   162	137.295
   163	136.979
   164	136.644
   165	136.315
   166	136.018
   167	135.778
   168	135.605
   169	135.499
   170	135.45
   171	135.443
   172	135.466
   173	135.519
   174	135.609
   175	135.752
   176	135.963
   177	136.248
   178	136.597
   179	136.986
   180	137.379
   181	137.742
   182	138.045
   183	138.277
   184	138.441
   185	138.553
   186	138.632
   187	138.695
   188	138.748
   189	138.786
   190	138.799
   191	138.777
   192	138.717
   193	138.624
   194	138.517
   195	138.42
   196	138.36
   197	138.361
   198	138.434
   199	138.574
   200	138.762
   201	138.967
   202	139.152
   203	139.289
   204	139.363
   205	139.373
   206	139.335
   207	139.269
   208	139.19
   209	139.106
   210	139.01
   211	138.89
   212	138.733
   213	138.533
   214	138.295
   215	138.033
   216	137.763
   217	137.504
   218	137.27
   219	137.068
   220	136.9
   221	136.761
   222	136.646
   223	136.546
   224	136.46
   225	136.387
   226	136.332
   227	136.303
   228	136.305
   229	136.34
   230	136.402
   231	136.48
   232	136.561
   233	136.632
   234	136.686
   235	136.722
   236	136.741
   237	136.749
   238	136.746
   239	136.733
   240	136.704
   241	136.653
   242	136.571
   243	136.454
   244	136.308
   245	136.146
   246	135.988
   247	135.858
   248	135.779
   249	135.764
   250	135.818
   251	135.938
   252	136.115
   253	136.34
   254	136.603
   255	136.896
   256	137.211
   257	137.533
   258	137.848
   259	138.137
   260	138.389
   261	138.596
   262	138.754
   263	138.862
   264	138.92
   265	138.924
   266	138.871
   267	138.762
   268	138.599
   269	138.388
   270	138.146
   271	137.896
   272	137.668
   273	137.495
   274	137.408
   275	137.427
   276	137.555
   277	137.777
   278	138.061
   279	138.361
   280	138.632
   281	138.842
   282	138.975
   283	139.043
   284	139.069
   285	139.078
   286	139.087
   287	139.089
   288	139.06
   289	138.96
   290	138.752
   291	138.409
   292	137.927
   293	137.327
   294	136.658
   295	135.976
   296	135.342
   297	134.791
   298	134.329
   299	133.929
   300	133.535
   301	133.085
   302	132.528
   303	131.84
   304	131.033
   305	130.15
   306	129.256
   307	128.419
   308	127.693
   309	127.107
   310	126.657
   311	126.315
   312	126.043
   313	125.807
   314	125.589
   315	125.393
   316	125.246
   317	125.184
   318	125.247
   319	125.456
   320	125.806
   321	126.263
   322	126.769
   323	127.258
   324	127.675
   325	127.985
   326	128.185
   327	128.297
   328	128.364
   329	128.437
   330	128.561
   331	128.77
   332	129.077
   333	129.479
   334	129.961
   335	130.5
   336	131.076
   337	131.671
   338	132.278
   339	132.899
   340	133.541
   341	134.219
   342	134.941
   343	135.707
   344	136.499
   345	137.289
   346	138.037
   347	138.707
   348	139.272
   349	139.725
   350	140.08
   351	140.37
   352	140.643
   353	140.947
   354	141.319
   355	141.772
   356	142.293
   357	142.846
   358	143.376
   359	143.831
   360	144.168
   361	144.365
   362	144.424
   363	144.366
   364	144.222
   365	144.023
   366	143.786
   367	143.509
   368	143.173
   369	142.753
   370	142.223
   371	141.576
   372	140.824
   373	140.005
   374	139.178
   375	138.406
   376	137.742
   377	137.218
   378	136.835
   379	136.566
   380	136.366
   381	136.188
   382	135.993
   383	135.765
   384	135.507
   385	135.244
   386	135.012
   387	134.843
   388	134.757
   389	134.746
   390	134.785
   391	134.829
   392	134.836
   393	134.782
   394	134.662
   395	134.497
   396	134.324
   397	134.183
   398	134.102
   399	134.091
   400	134.14
   401	134.224
   402	134.313
   403	134.379
   404	134.403
   405	134.376
   406	134.302
   407	134.193
   408	134.071
   409	133.956
   410	133.869
   411	133.823
   412	133.825
   413	133.872
   414	133.958
   415	134.075
   416	134.22
   417	134.393
   418	134.602
   419	134.859
   420	135.177
   421	135.568
   422	136.037
   423	136.582
   424	137.192
   425	137.843
   426	138.508
   427	139.156
   428	139.76
   429	140.306
   430	140.795
   431	141.239
   432	141.661
   433	142.081
   434	142.512
   435	142.953
   436	143.383
   437	143.771
   438	144.077
   439	144.268
   440	144.319
   441	144.227
   442	144.011
   443	143.705
   444	143.355
   445	143.003
   446	142.673
   447	142.371
   448	142.078
   449	141.766
   450	141.406
   451	140.987
   452	140.519
   453	140.036
   454	139.585
   455	139.22
   456	138.978
   457	138.873
   458	138.884
   459	138.97
   460	139.076
   461	139.157
   462	139.181
   463	139.143
   464	139.061
   465	138.968
   466	138.901
   467	138.888
   468	138.939
   469	139.039
   470	139.155
   471	139.243
   472	139.266
   473	139.2
   474	139.04
   475	138.805
   476	138.531
   477	138.259
   478	138.03
   479	137.867
   480	137.774
   481	137.737
   482	137.728
   483	137.723
   484	137.705
   485	137.676
   486	137.648
   487	137.646
   488	137.694
   489	137.809
   490	138
   491	138.258
   492	138.564
   493	138.886
   494	139.186
   495	139.426
   496	139.578
   497	139.626
   498	139.573
   499	139.437
   500	139.249
   501	139.043
   502	138.845
   503	138.67
   504	138.519
   505	138.383
   506	138.252
   507	138.121
   508	137.994
   509	137.89
   510	137.838
   511	137.874
   512	138.031
   513	138.329
   514	138.763
   515	139.303
   516	139.896
   517	140.475
   518	140.977
   519	141.361
   520	141.609
   521	141.736
   522	141.781
   523	141.791
   524	141.809
   525	141.861
   526	141.949
   527	142.058
   528	142.161
   529	142.238
   530	142.281
   531	142.306
   532	142.348
   533	142.459
   534	142.688
   535	143.065
   536	143.589
   537	144.226
   538	144.916
   539	145.587
   540	146.181
   541	146.666
   542	147.039
   543	147.33
   544	147.589
   545	147.866
   546	148.2
   547	148.603
   548	149.06
   549	149.539
   550	150
   551	150.408
   552	150.748
   553	151.024
   554	151.252
   555	151.454
   556	151.649
   557	151.836
   558	151.999
   559	152.105
   560	152.117
   561	152.003
   562	151.743
   563	151.339
   564	150.81
   565	150.191
   566	149.523
   567	148.844
   568	148.187
   569	147.571
   570	147.007
   571	146.498
   572	146.043
   573	145.643
   574	145.297
   575	145.006
   576	144.771
   577	144.591
   578	144.461
   579	144.375
   580	144.32
   581	144.286
   582	144.26
   583	144.233
   584	144.199
   585	144.157
   586	144.11
   587	144.06
   588	144.012
   589	143.97
   590	143.937
   591	143.922
   592	143.933
   593	143.979
   594	144.069
   595	144.203
   596	144.371
   597	144.553
   598	144.719
   599	144.839
   600	144.889
   601	144.854
   602	144.731
   603	144.53
   604	144.264
   605	143.952
   606	143.613
   607	143.262
   608	142.916
   609	142.591
   610	142.304
   611	142.077
   612	141.934
   613	141.896
   614	141.983
   615	142.203
   616	142.555
   617	143.023
   618	143.582
   619	144.207
   620	144.869
   621	145.542
   622	146.203
   623	146.829
   624	147.397
   625	147.881
   626	148.256
   627	148.495
   628	148.578
   629	148.497
   630	148.256
   631	147.882
   632	147.414
   633	146.905
   634	146.407
   635	145.962
   636	145.586
   637	145.275
   638	145.003
   639	144.737
   640	144.452
   641	144.139
   642	143.814
   643	143.51
   644	143.269
   645	143.126
   646	143.098
   647	143.175
   648	143.328
   649	143.518
   650	143.711
   651	143.892
   652	144.064
   653	144.248
   654	144.471
   655	144.758
   656	145.121
   657	145.554
   658	146.033
   659	146.521
   660	146.978
   661	147.365
   662	147.661
   663	147.858
   664	147.963
   665	147.998
   666	147.989
   667	147.963
   668	147.941
   669	147.933
   670	147.946
   671	147.978
   672	148.032
   673	148.11
   674	148.221
   675	148.372
   676	148.568
   677	148.81
   678	149.091
   679	149.395
   680	149.704
   681	149.998
   682	150.26
   683	150.48
   684	150.653
   685	150.78
   686	150.859
   687	150.89
   688	150.874
   689	150.811
   690	150.707
   691	150.573
   692	150.427
   693	150.285
   694	150.16
   695	150.057
   696	149.973
   697	149.897
   698	149.821
   699	149.738
   700	149.651
   701	149.565
   702	149.492
   703	149.439
   704	149.413
   705	149.412
   706	149.425
   707	149.436
   708	149.425
   709	149.368
   710	149.249
   711	149.055
   712	148.787
   713	148.458
   714	148.086
   715	147.69
   716	147.278
   717	146.846
   718	146.38
   719	145.86
   720	145.272
   721	144.617
   722	143.913
   723	143.189
   724	142.479
   725	141.817
   726	141.222
   727	140.7
   728	140.244
   729	139.842
   730	139.482
   731	139.158
   732	138.874
   733	138.645
   734	138.493
   735	138.441
   736	138.504
   737	138.681
   738	138.956
   739	139.294
   740	139.656
   741	140.004
   742	140.318
   743	140.592
   744	140.841
   745	141.085
   746	141.349
   747	141.641
   748	141.954
   749	142.267
   750	142.543
   751	142.751
   752	142.865
   753	142.881
   754	142.808
   755	142.667
   756	142.483
   757	142.277
   758	142.063
   759	141.844
   760	141.621
   761	141.393
   762	141.164
   763	140.939
   764	140.731
   765	140.552
   766	140.413
   767	140.317
   768	140.265
   769	140.252
   770	140.274
   771	140.326
   772	140.409
   773	140.527
   774	140.683
   775	140.88
   776	141.111
   777	141.361
   778	141.603
   779	141.806
   780	141.938
   781	141.978
   782	141.919
   783	141.769
   784	141.552
   785	141.296
   786	141.029
   787	140.764
   788	140.504
   789	140.235
   790	139.939
   791	139.594
   792	139.188
   793	138.721
   794	138.207
   795	137.676
   796	137.164
   797	136.705
   798	136.319
   799	136.009
   800	135.759
   801	135.544
   802	135.342
   803	135.139
   804	134.943
   805	134.772
   806	134.655
   807	134.62
   808	134.683
   809	134.845
   810	135.09
   811	135.388
   812	135.702
   813	135.994
   814	136.232
   815	136.392
   816	136.465
   817	136.45
   818	136.365
   819	136.233
   820	136.085
   821	135.951
   822	135.855
   823	135.813
   824	135.826
   825	135.888
   826	135.982
   827	136.091
   828	136.199
   829	136.296
   830	136.385
   831	136.476
   832	136.584
   833	136.722
   834	136.889
   835	137.064
   836	137.208
   837	137.273
   838	137.214
   839	137.004
   840	136.644
   841	136.169
   842	135.637
   843	135.119
   844	134.684
   845	134.378
   846	134.216
   847	134.185
   848	134.247
   849	134.36
   850	134.489
   851	134.621
   852	134.769
   853	134.962
   854	135.235
   855	135.607
   856	136.072
   857	136.586
   858	137.084
   859	137.492
   860	137.748
   861	137.822
   862	137.725
   863	137.508
   864	137.252
   865	137.042
   866	136.95
   867	137.011
   868	137.217
   869	137.528
   870	137.884
   871	138.228
   872	138.523
   873	138.761
   874	138.958
   875	139.143
   876	139.338
   877	139.548
   878	139.747
   879	139.89
   880	139.924
   881	139.803
   882	139.504
   883	139.035
   884	138.437
   885	137.771
   886	137.107
   887	136.511
   888	136.034
   889	135.704
   890	135.532
   891	135.512
   892	135.636
   893	135.891
   894	136.263
   895	136.739
   896	137.301
   897	137.924
   898	138.573
   899	139.206
   900	139.785
   901	140.273
   902	140.645
   903	140.886
   904	140.991
   905	140.964
   906	140.81
   907	140.538
   908	140.154
   909	139.664
   910	139.081
   911	138.421
   912	137.712
   913	136.99
   914	136.291
   915	135.644
   916	135.059
   917	134.524
   918	134.008
   919	133.475
   920	132.89
   921	132.236
   922	131.521
   923	130.778
   924	130.052
   925	129.387
   926	128.808
   927	128.319
   928	127.9
   929	127.522
   930	127.16
   931	126.803
   932	126.466
   933	126.184
   934	126.002
   935	125.965
   936	126.097
   937	126.395
   938	126.824
   939	127.329
   940	127.845
   941	128.323
   942	128.735
   943	129.09
   944	129.429
   945	129.81
   946	130.292
   947	130.915
   948	131.681
   949	132.559
   950	133.489
   951	134.405
   952	135.249
   953	135.988
   954	136.617
   955	137.153
   956	137.623
   957	138.057
   958	138.469
   959	138.86
   960	139.215
   961	139.505
   962	139.701
   963	139.775
   964	139.712
   965	139.515
   966	139.203
   967	138.823
   968	138.438
   969	138.121
   970	137.938
   971	137.938
   972	138.138
   973	138.525
   974	139.069
   975	139.728
   976	140.462
   977	141.233
   978	142.013
   979	142.784
   980	143.546
   981	144.306
   982	145.078
   983	145.871
   984	146.67
   985	147.438
   986	148.114
   987	148.629
   988	148.926
   989	148.978
   990	148.795
   991	148.43
   992	147.959
   993	147.467
   994	147.019
   995	146.65
   996	146.35
   997	146.081
   998	145.79
   999	145.432
  1000	144.987
  1001	144.471
  1002	143.936
  1003	143.46
  1004	143.129
  1005	143.004
  1006	143.103
  1007	143.391
  1008	143.792
  1009	144.215
  1010	144.583
  1011	144.859
  1012	145.053
  1013	145.211
  1014	145.398
  1015	145.669
  1016	146.047
  1017	146.516
  1018	147.019
  1019	147.483
  1020	147.834
  1021	148.019
  1022	148.025
  1023	147.874
  1024	147.622
  1025	147.341
  1026	147.098
  1027	146.937
  1028	146.862
  1029	146.842
  1030	146.825
  1031	146.76
  1032	146.614
  1033	146.387
  1034	146.103
  1035	145.808
  1036	145.546
  1037	145.351
  1038	145.236
  1039	145.194
  1040	145.203
  1041	145.235
  1042	145.264
  1043	145.276
  1044	145.269
  1045	145.251
  1046	145.237
  1047	145.243
  1048	145.289
  1049	145.391
  1050	145.56
  1051	145.799
  1052	146.105
  1053	146.464
  1054	146.854
  1055	147.251
  1056	147.63
  1057	147.965
  1058	148.241
  1059	148.449
  1060	148.596
  1061	148.701
  1062	148.791
  1063	148.897
  1064	149.039
  1065	149.218
  1066	149.411
  1067	149.581
  1068	149.683
  1069	149.689
  1070	149.593
  1071	149.419
  1072	149.216
  1073	149.042
  1074	148.944
  1075	148.944
  1076	149.032
  1077	149.17
  1078	149.311
  1079	149.412
  1080	149.452
  1081	149.441
  1082	149.418
  1083	149.444
  1084	149.583
  1085	149.884
  1086	150.362
  1087	150.986
  1088	151.688
  1089	152.382
  1090	152.99
  1091	153.462
  1092	153.786
  1093	153.982
  1094	154.092
  1095	154.156
  1096	154.2
  1097	154.222
  1098	154.195
  1099	154.075
  1100	153.817
  1101	153.395
  1102	152.813
  1103	152.105
  1104	151.335
  1105	150.579
  1106	149.907
  1107	149.365
  1108	148.964
  1109	148.684
  1110	148.487
  1111	148.334
  1112	148.196
  1113	148.07
  1114	147.968
  1115	147.914
  1116	147.929
  1117	148.017
  1118	148.168
  1119	148.353
  1120	148.542
  1121	148.707
  1122	148.83
  1123	148.912
  1124	148.962
  1125	148.997
  1126	149.033
  1127	149.077
  1128	149.124
  1129	149.157
  1130	149.151
  1131	149.084
  1132	148.938
  1133	148.705
  1134	148.386
  1135	147.986
  1136	147.514
  1137	146.985
  1138	146.412
  1139	145.819
  1140	145.233
  1141	144.687
  1142	144.218
  1143	143.857
  1144	143.626
  1145	143.533
  1146	143.571
  1147	143.728
  1148	143.992
  1149	144.355
  1150	144.823
  1151	145.409
  1152	146.125
  1153	146.969
  1154	147.919
  1155	148.929
  1156	149.935
  1157	150.869
  1158	151.678
  1159	152.338
  1160	152.854
  1161	153.265
  1162	153.622
  1163	153.983
  1164	154.39
  1165	154.858
  1166	155.37
  1167	155.882
  1168	156.34
  1169	156.699
  1170	156.931
  1171	157.037
  1172	157.044
  1173	156.993
  1174	156.927
  1175	156.869
  1176	156.814
  1177	156.728
  1178	156.563
  1179	156.271
  1180	155.824
  1181	155.227
  1182	154.518
  1183	153.757
  1184	153.014
  1185	152.348
  1186	151.795
  1187	151.36
  1188	151.023
  1189	150.754
  1190	150.521
  1191	150.307
  1192	150.108
  1193	149.93
  1194	149.78
  1195	149.659
  1196	149.555
  1197	149.441
  1198	149.279
  1199	149.03
  1200	148.661
  1201	148.15
  1202	147.497
  1203	146.716
  1204	145.832
  1205	144.876
  1206	143.874
  1207	142.844
  1208	141.797
  1209	140.739
  1210	139.687
  1211	138.668
  1212	137.719
  1213	136.877
  1214	136.174
  1215	135.619
  1216	135.204
  1217	134.905
  1218	134.691
  1219	134.535
  1220	134.419
  1221	134.337
  1222	134.292
  1223	134.288
  1224	134.328
  1225	134.408
  1226	134.519
  1227	134.652
  1228	134.798
  1229	134.95
  1230	135.105
  1231	135.266
  1232	135.438
  1233	135.624
  1234	135.826
  1235	136.033
  1236	136.222
  1237	136.36
  1238	136.413
  1239	136.354
  1240	136.181
  1241	135.913
  1242	135.59
  1243	135.261
  1244	134.967
  1245	134.727
  1246	134.531
  1247	134.352
  1248	134.161
  1249	133.942
  1250	133.704
  1251	133.48
  1252	133.314
  1253	133.24
  1254	133.274
  1255	133.396
  1256	133.557
  1257	133.688
  1258	133.722
  1259	133.611
  1260	133.337
  1261	132.92
  1262	132.415
  1263	131.895
  1264	131.438
  1265	131.099
  1266	130.903
  1267	130.836
  1268	130.857
  1269	130.92
  1270	130.984
  1271	131.035
  1272	131.085
  1273	131.167
  1274	131.32
  1275	131.575
  1276	131.94
  1277	132.395
  1278	132.897
  1279	133.388
  1280	133.818
  1281	134.152
  1282	134.384
  1283	134.53
  1284	134.624
  1285	134.709
  1286	134.816
  1287	134.968
  1288	135.169
  1289	135.412
  1290	135.685
  1291	135.976
  1292	136.275
  1293	136.571
  1294	136.854
  1295	137.113
  1296	137.338
  1297	137.526
  1298	137.678
  1299	137.809
  1300	137.936
  1301	138.081
  1302	138.26
  1303	138.483
  1304	138.748
  1305	139.048
  1306	139.37
  1307	139.706
  1308	140.051
  1309	140.405
  1310	140.771
  1311	141.149
  1312	141.537
  1313	141.923
  1314	142.286
  1315	142.598
  1316	142.826
  1317	142.937
  1318	142.909
  1319	142.737
  1320	142.434
  1321	142.034
  1322	141.583
  1323	141.125
  1324	140.695
  1325	140.304
  1326	139.942
  1327	139.588
  1328	139.222
  1329	138.842
  1330	138.469
  1331	138.144
  1332	137.913
  1333	137.817
  1334	137.871
  1335	138.061
  1336	138.341
  1337	138.652
  1338	138.935
  1339	139.148
  1340	139.277
  1341	139.341
  1342	139.377
  1343	139.429
  1344	139.529
  1345	139.682
  1346	139.861
  1347	140.012
  1348	140.074
  1349	139.996
  1350	139.752
  1351	139.354
  1352	138.847
  1353	138.294
  1354	137.764
  1355	137.309
  1356	136.951
  1357	136.679
  1358	136.46
  1359	136.253
  1360	136.029
  1361	135.783
  1362	135.541
  1363	135.353
  1364	135.278
  1365	135.366
  1366	135.64
  1367	136.086
  1368	136.657
  1369	137.285
  1370	137.897
  1371	138.434
  1372	138.859
  1373	139.162
  1374	139.36
  1375	139.486
  1376	139.579
  1377	139.678
  1378	139.812
  1379	139.991
  1380	140.212
  1381	140.454
  1382	140.687
  1383	140.881
  1384	141.008
  1385	141.052
  1386	141.005
  1387	140.873
  1388	140.666
  1389	140.398
  1390	140.079
  1391	139.712
  1392	139.285
  1393	138.778
  1394	138.159
  1395	137.399
  1396	136.48
  1397	135.406
  1398	134.205
  1399	132.937
  1400	131.683
  1401	130.53
  1402	129.557
  1403	128.813
  1404	128.31
  1405	128.026
  1406	127.917
  1407	127.939
  1408	128.063
  1409	128.285
  1410	128.624
  1411	129.106
  1412	129.748
  1413	130.536
  1414	131.429
  1415	132.356
  1416	133.241
  1417	134.019
  1418	134.65
  1419	135.126
  1420	135.474
  1421	135.739
  1422	135.98
  1423	136.248
  1424	136.578
  1425	136.976
  1426	137.421
  1427	137.873
  1428	138.283
  1429	138.613
  1430	138.847
  1431	138.992
  1432	139.083
  1433	139.162
  1434	139.267
  1435	139.419
  1436	139.61
  1437	139.815
  1438	139.995
  1439	140.119
  1440	140.173
  1441	140.16
  1442	140.102
  1443	140.026
  1444	139.955
  1445	139.909
  1446	139.893
  1447	139.907
  1448	139.939
  1449	139.967
  1450	139.964
  1451	139.899
  1452	139.744
  1453	139.477
  1454	139.083
  1455	138.555
  1456	137.902
  1457	137.145
  1458	136.319
  1459	135.468
  1460	134.638
  1461	133.87
  1462	133.189
  1463	132.611
  1464	132.135
  1465	131.755
  1466	131.463
  1467	131.264
  1468	131.173
  1469	131.219
  1470	131.434
  1471	131.839
  1472	132.433
  1473	133.181
  1474	134.023
  1475	134.881
  1476	135.682
  1477	136.376
  1478	136.948
  1479	137.428
  1480	137.873
  1481	138.35
  1482	138.914
  1483	139.583
  1484	140.334
  1485	141.111
  1486	141.846
  1487	142.476
  1488	142.965
  1489	143.307
  1490	143.526
  1491	143.666
  1492	143.774
  1493	143.884
  1494	144.001
  1495	144.095
  1496	144.111
  1497	143.983
  1498	143.66
  1499	143.127
  1500	142.416
  1501	141.598
  1502	140.771
  1503	140.033
  1504	139.455
  1505	139.065
  1506	138.85
  1507	138.765
  1508	138.757
  1509	138.787
  1510	138.837
  1511	138.912
  1512	139.033
  1513	139.224
  1514	139.499
  1515	139.856
  1516	140.273
  1517	140.713
  1518	141.137
  1519	141.506
  1520	141.799
  1521	142.008
  1522	142.145
  1523	142.227
  1524	142.269
  1525	142.274
  1526	142.235
  1527	142.136
  1528	141.959
  1529	141.694
  1530	141.34
  1531	140.904
  1532	140.397
  1533	139.829
  1534	139.202
  1535	138.513
  1536	137.751
  1537	136.914
  1538	136.006
  1539	135.045
  1540	134.065
  1541	133.109
  1542	132.22
  1543	131.43
  1544	130.752
  1545	130.184
  1546	129.713
  1547	129.327
  1548	129.021
  1549	128.801
  1550	128.684
  1551	128.686
  1552	128.812
  1553	129.043
  1554	129.341
  1555	129.647
  1556	129.903
  1557	130.055
  1558	130.079
  1559	129.98
  1560	129.791
  1561	129.566
  1562	129.36
  1563	129.212
  1564	129.131
  1565	129.097
  1566	129.073
  1567	129.018
  1568	128.907
  1569	128.738
  1570	128.533
  1571	128.334
  1572	128.183
  1573	128.117
  1574	128.153
  1575	128.28
  1576	128.468
  1577	128.671
  1578	128.841
  1579	128.942
  1580	128.957
  1581	128.892
  1582	128.773
  1583	128.641
  1584	128.54
  1585	128.506
  1586	128.559
  1587	128.698
  1588	128.907
  1589	129.165
  1590	129.447
  1591	129.737
  1592	130.023
  1593	130.3
  1594	130.569
  1595	130.836
  1596	131.114
  1597	131.418
  1598	131.759
  1599	132.136
  1600	132.538
  1601	132.936
  1602	133.295
  1603	133.577
  1604	133.754
  1605	133.811
  1606	133.755
  1607	133.612
  1608	133.426
  1609	133.248
  1610	133.122
  1611	133.08
  1612	133.128
  1613	133.252
  1614	133.427
  1615	133.623
  1616	133.822
  1617	134.027
  1618	134.262
  1619	134.572
  1620	135.005
  1621	135.594
  1622	136.336
  1623	137.19
  1624	138.078
  1625	138.909
  1626	139.605
  1627	140.12
  1628	140.452
  1629	140.637
  1630	140.731
  1631	140.791
  1632	140.853
  1633	140.925
  1634	140.99
  1635	141.019
  1636	140.983
  1637	140.867
  1638	140.682
  1639	140.462
  1640	140.257
  1641	140.124
  1642	140.112
  1643	140.244
  1644	140.511
  1645	140.871
  1646	141.262
  1647	141.621
  1648	141.904
  1649	142.095
  1650	142.211
  1651	142.288
  1652	142.369
  1653	142.485
  1654	142.649
  1655	142.853
  1656	143.08
  1657	143.309
  1658	143.528
  1659	143.734
  1660	143.932
  1661	144.123
  1662	144.304
  1663	144.454
  1664	144.549
  1665	144.559
  1666	144.465
  1667	144.257
  1668	143.941
  1669	143.534
  1670	143.052
  1671	142.515
  1672	141.935
  1673	141.323
  1674	140.685
  1675	140.034
  1676	139.392
  1677	138.798
  1678	138.303
  1679	137.964
  1680	137.838
  1681	137.965
  1682	138.36
  1683	139.003
  1684	139.843
  1685	140.809
  1686	141.827
  1687	142.837
  1688	143.805
  1689	144.72
  1690	145.586
  1691	146.411
  1692	147.19
  1693	147.903
  1694	148.513
  1695	148.982
  1696	149.277
  1697	149.385
  1698	149.319
  1699	149.113
  1700	148.812
  1701	148.456
  1702	148.063
  1703	147.628
  1704	147.121
  1705	146.505
  1706	145.748
  1707	144.838
  1708	143.793
  1709	142.659
  1710	141.502
  1711	140.392
  1712	139.385
  1713	138.513
  1714	137.783
  1715	137.179
  1716	136.683
  1717	136.278
  1718	135.97
  1719	135.779
  1720	135.745
  1721	135.915
  1722	136.324
  1723	136.989
  1724	137.891
  1725	138.979
  1726	140.181
  1727	141.417
  1728	142.618
  1729	143.735
  1730	144.749
  1731	145.662
  1732	146.493
  1733	147.26
  1734	147.978
  1735	148.651
  1736	149.272
  1737	149.828
  1738	150.304
  1739	150.681
  1740	150.947
  1741	151.091
  1742	151.11
  1743	151.008
  1744	150.799
  1745	150.505
  1746	150.156
  1747	149.782
  1748	149.409
  1749	149.056
  1750	148.731
  1751	148.437
  1752	148.17
  1753	147.932
  1754	147.727
  1755	147.573
  1756	147.496
  1757	147.536
  1758	147.733
  1759	148.125
  1760	148.728
  1761	149.535
  1762	150.512
  1763	151.604
  1764	152.741
  1765	153.863
  1766	154.928
  1767	155.92
  1768	156.847
  1769	157.733
  1770	158.603
  1771	159.472
  1772	160.324
  1773	161.128
  1774	161.837
  1775	162.405
  1776	162.801
  1777	163.021
  1778	163.089
  1779	163.051
  1780	162.966
  1781	162.882
  1782	162.829
  1783	162.808
  1784	162.795
  1785	162.753
  1786	162.645
  1787	162.446
  1788	162.153
  1789	161.783
  1790	161.374
  1791	160.967
  1792	160.599
  1793	160.29
  1794	160.035
  1795	159.811
  1796	159.585
  1797	159.328
  1798	159.025
  1799	158.682
  1800	158.325
  1801	157.986
  1802	157.693
  1803	157.462
  1804	157.293
  1805	157.168
  1806	157.061
  1807	156.948
  1808	156.812
  1809	156.647
  1810	156.453
  1811	156.237
  1812	156.007
  1813	155.767
  1814	155.519
  1815	155.26
  1816	154.986
  1817	154.692
  1818	154.373
  1819	154.021
  1820	153.637
  1821	153.22
  1822	152.774
  1823	152.301
  1824	151.808
  1825	151.299
  1826	150.778
  1827	150.254
  1828	149.742
  1829	149.253
  1830	148.801
  1831	148.384
  1832	147.995
  1833	147.612
  1834	147.209
  1835	146.765
  1836	146.277
  1837	145.757
  1838	145.238
  1839	144.757
  1840	144.343
  1841	144.005
  1842	143.727
  1843	143.476
  1844	143.208
  1845	142.894
  1846	142.522
  1847	142.109
  1848	141.692
  1849	141.322
  1850	141.047
  1851	140.895
  1852	140.871
  1853	140.952
  1854	141.095
  1855	141.254
  1856	141.385
  1857	141.466
  1858	141.497
  1859	141.499
  1860	141.506
  1861	141.552
  1862	141.653
  1863	141.806
  1864	141.979
  1865	142.131
  1866	142.219
  1867	142.215
  1868	142.117
  1869	141.951
  1870	141.759
  1871	141.595
  1872	141.501
  1873	141.502
  1874	141.594
  1875	141.751
  1876	141.929
  1877	142.084
  1878	142.182
  1879	142.206
  1880	142.158
  1881	142.053
  1882	141.908
  1883	141.737
  1884	141.547
  1885	141.335
  1886	141.097
  1887	140.826
  1888	140.521
  1889	140.19
  1890	139.844
  1891	139.5
  1892	139.174
  1893	138.881
  1894	138.634
  1895	138.441
  1896	138.306
  1897	138.233
  1898	138.22
  1899	138.259
  1900	138.338
  1901	138.44
  1902	138.542
  1903	138.624
  1904	138.672
  1905	138.678
  1906	138.648
  1907	138.596
  1908	138.541
  1909	138.496
  1910	138.466
  1911	138.44
  1912	138.392
  1913	138.293
  1914	138.113
  1915	137.842
  1916	137.486
  1917	137.077
  1918	136.666
  1919	136.305
  1920	136.03
  1921	135.854
  1922	135.755
  1923	135.686
  1924	135.588
  1925	135.413
  1926	135.133
  1927	134.758
  1928	134.324
  1929	133.893
  1930	133.53
  1931	133.283
  1932	133.174
  1933	133.189
  1934	133.287
  1935	133.416
  1936	133.533
  1937	133.615
  1938	133.673
  1939	133.744
  1940	133.88
  1941	134.127
  1942	134.505
  1943	134.998
  1944	135.555
  1945	136.101
  1946	136.561
  1947	136.877
  1948	137.025
  1949	137.012
  1950	136.873
  1951	136.65
  1952	136.382
  1953	136.093
  1954	135.788
  1955	135.456
  1956	135.08
  1957	134.646
  1958	134.152
  1959	133.612
  1960	133.057
  1961	132.528
  1962	132.068
  1963	131.719
  1964	131.509
  1965	131.446
  1966	131.521
  1967	131.707
  1968	131.969
  1969	132.275
  1970	132.6
  1971	132.936
  1972	133.286
  1973	133.667
  1974	134.098
  1975	134.598
  1976	135.174
  1977	135.818
  1978	136.51
  1979	137.217
  1980	137.9
  1981	138.522
  1982	139.048
  1983	139.447
  1984	139.7
  1985	139.793
  1986	139.728
  1987	139.516
  1988	139.173
  1989	138.72
  1990	138.172
  1991	137.535
  1992	136.809
  1993	135.987
  1994	135.069
  1995	134.066
  1996	133.009
  1997	131.947
  1998	130.942
  1999	130.053
  2000	129.325
  2001	128.775
